Threads,Parallel RunTime,Final Result Sn,Result ||opt^2_2||
0,8.232878,485165097.62511122, 5884629305179574.000000
1,8.144716,485165097.62511122,5884629305179574.000000
2,4.018959,485165097.62535083,5884629305185405.000000
4,2.301102,485165097.62508273,5884629305178888.000000
8,1.933245,485165097.62554055,5884629305189930.000000
16,1.392649,485165097.62517869,5884629305181860.000000
32,1.173677,485165097.62515235,5884629305181374.000000
64,1.332998,485165097.62513387,5884629305180411.000000
128,1.109134,485165097.62501615,5884629305179745.000000
