threads,nx,nt,iters_cg,iters_newton,timespent
1,64,100,1007,301,0.0372659
1,64,100,1007,301,0.0358762
1,64,100,1007,301,0.0356002
1,64,100,1007,301,0.0479658
1,64,100,1007,301,0.035753
1,64,100,1007,301,0.0482266
1,64,100,1007,301,0.0380107
1,64,100,1007,301,0.048361
1,64,100,1007,301,0.0355277
1,64,100,1007,301,0.0365821
1,64,100,1007,301,0.0369828
1,64,100,1007,301,0.0309742
1,64,100,1007,301,0.0352473
1,64,100,1007,301,0.0353398
1,64,100,1007,301,0.0356998
1,64,100,1007,301,0.0372714
1,64,100,1007,301,0.0373795
1,64,100,1007,301,0.0363191
1,64,100,1007,301,0.035819
1,64,100,1007,301,0.0392006
1,64,100,1007,301,0.04782
1,64,100,1007,301,0.0366372
1,64,100,1007,301,0.0379505
1,64,100,1007,301,0.0372866
1,64,100,1007,301,0.0351321
1,64,100,1007,301,0.0387453
1,64,100,1007,301,0.0372873
1,64,100,1007,301,0.0349847
1,64,100,1007,301,0.0353892
1,64,100,1007,301,0.0372344
1,64,100,1007,301,0.0363461
1,64,100,1007,301,0.0354483
1,64,100,1007,301,0.0361342
1,64,100,1007,301,0.0380057
1,64,100,1007,301,0.0376114
1,64,100,1007,301,0.0357136
1,64,100,1007,301,0.0365288
1,64,100,1007,301,0.0352018
1,64,100,1007,301,0.0350934
1,64,100,1007,301,0.0469826
1,64,100,1007,301,0.0381154
1,64,100,1007,301,0.0370655
1,64,100,1007,301,0.0381817
1,64,100,1007,301,0.0353993
1,64,100,1007,301,0.034935
1,64,100,1007,301,0.0472594
1,64,100,1007,301,0.0376086
1,64,100,1007,301,0.0360065
1,64,100,1007,301,0.0367624
1,64,100,1007,301,0.0367475
2,64,100,1007,301,0.168913
2,64,100,1007,301,0.0584668
2,64,100,1007,301,0.0663524
2,64,100,1007,301,0.0621214
2,64,100,1007,301,0.0628917
2,64,100,1007,301,0.0626141
2,64,100,1007,301,0.0592245
2,64,100,1007,301,0.0609335
2,64,100,1007,301,0.0687368
2,64,100,1007,301,0.0652899
2,64,100,1007,301,0.15135
2,64,100,1007,301,0.0558668
2,64,100,1007,301,0.0605747
2,64,100,1007,301,0.0581896
2,64,100,1007,301,0.0567619
2,64,100,1007,301,0.0560927
2,64,100,1007,301,0.0324508
2,64,100,1007,301,0.0575175
2,64,100,1007,301,0.0660054
2,64,100,1007,301,0.0608458
2,64,100,1007,301,0.0513672
2,64,100,1007,301,0.0624896
2,64,100,1007,301,0.0605613
2,64,100,1007,301,0.0569942
2,64,100,1007,301,0.0596611
2,64,100,1007,301,0.0601956
2,64,100,1007,301,0.060314
2,64,100,1007,301,0.0566559
2,64,100,1007,301,0.0556386
2,64,100,1007,301,0.0632871
2,64,100,1007,301,0.0547797
2,64,100,1007,301,0.0553818
2,64,100,1007,301,0.0578075
2,64,100,1007,301,0.0552019
2,64,100,1007,301,0.0564484
2,64,100,1007,301,0.0512863
2,64,100,1007,301,0.057769
2,64,100,1007,301,0.0551853
2,64,100,1007,301,0.0549883
2,64,100,1007,301,0.0539899
2,64,100,1007,301,0.0522667
2,64,100,1007,301,0.0566893
2,64,100,1007,301,0.0558971
2,64,100,1007,301,0.0607817
2,64,100,1007,301,0.0512935
2,64,100,1007,301,0.0563503
2,64,100,1007,301,0.055094
2,64,100,1007,301,0.0537076
2,64,100,1007,301,0.05307
2,64,100,1007,301,0.0556959
4,64,100,1007,301,0.0544159
4,64,100,1007,301,0.111611
4,64,100,1007,301,3.68158
4,64,100,1007,301,0.048899
4,64,100,1007,301,0.0248693
4,64,100,1007,301,0.0562526
4,64,100,1007,301,0.183145
4,64,100,1007,301,0.991169
4,64,100,1007,301,0.456643
4,64,100,1007,301,0.0496544
4,64,100,1007,301,0.180928
4,64,100,1007,301,0.510537
4,64,100,1007,301,0.0590567
4,64,100,1007,301,7.43676
4,64,100,1007,301,0.0653761
4,64,100,1007,301,0.061718
4,64,100,1007,301,0.0574308
4,64,100,1007,301,0.0603774
4,64,100,1007,301,13.2663
4,64,100,1007,301,1.4258
4,64,100,1007,301,0.0650684
4,64,100,1007,301,2.67789
4,64,100,1007,301,0.0632654
4,64,100,1007,301,0.0605364
4,64,100,1007,301,0.0524977
4,64,100,1007,301,0.0550744
4,64,100,1007,301,0.0555043
4,64,100,1007,301,5.42649
4,64,100,1007,301,11.9202
4,64,100,1007,301,0.0430683
4,64,100,1007,301,0.043714
4,64,100,1007,301,0.044384
4,64,100,1007,301,0.0475626
4,64,100,1007,301,0.0424362
4,64,100,1007,301,0.0427747
4,64,100,1007,301,0.0404195
4,64,100,1007,301,0.0419388
4,64,100,1007,301,0.0423356
4,64,100,1007,301,0.0453793
4,64,100,1007,301,7.36247
4,64,100,1007,301,1.99824
4,64,100,1007,301,2.17445
4,64,100,1007,301,0.526376
4,64,100,1007,301,0.0533866
4,64,100,1007,301,4.9355
4,64,100,1007,301,0.0623185
4,64,100,1007,301,0.0618195
4,64,100,1007,301,0.059355
4,64,100,1007,301,0.0502436
4,64,100,1007,301,0.109108
8,64,100,1007,301,0.0681776
8,64,100,1007,301,0.063279
8,64,100,1007,301,1.49912
8,64,100,1007,301,0.0684896
8,64,100,1007,301,22.8379
8,64,100,1007,301,2.43856
8,64,100,1007,301,0.0985821
8,64,100,1007,301,0.0579199
8,64,100,1007,301,0.06246
8,64,100,1007,301,0.0607152
8,64,100,1007,301,0.0608387
8,64,100,1007,301,0.0552148
8,64,100,1007,301,0.0614997
8,64,100,1007,301,1.18641
8,64,100,1007,301,0.0466832
8,64,100,1007,301,0.240223
8,64,100,1007,301,0.0477812
8,64,100,1007,301,0.0473722
8,64,100,1007,301,0.0653336
8,64,100,1007,301,0.0614638
8,64,100,1007,301,0.0614665
8,64,100,1007,301,0.0657925
8,64,100,1007,301,0.0601349
8,64,100,1007,301,0.0623194
8,64,100,1007,301,0.0618601
8,64,100,1007,301,0.0591882
8,64,100,1007,301,0.0598698
8,64,100,1007,301,0.067509
8,64,100,1007,301,0.0689288
8,64,100,1007,301,0.0620955
8,64,100,1007,301,1.78268
8,64,100,1007,301,0.0540822
8,64,100,1007,301,0.0567069
8,64,100,1007,301,0.0591932
8,64,100,1007,301,9.01379
8,64,100,1007,301,0.0634879
8,64,100,1007,301,0.0643108
8,64,100,1007,301,1.23854
8,64,100,1007,301,2.07739
8,64,100,1007,301,0.0610544
8,64,100,1007,301,0.0584745
8,64,100,1007,301,0.063628
8,64,100,1007,301,0.0565389
8,64,100,1007,301,0.0625206
8,64,100,1007,301,0.0609387
8,64,100,1007,301,0.0624708
8,64,100,1007,301,0.0600665
8,64,100,1007,301,0.063712
8,64,100,1007,301,0.0596673
8,64,100,1007,301,0.0590506
16,64,100,1007,301,2.05421
16,64,100,1007,301,23.9041
16,64,100,1007,301,0.0747709
16,64,100,1007,301,0.0774355
16,64,100,1007,301,0.408057
16,64,100,1007,301,0.894027
16,64,100,1007,301,0.093973
16,64,100,1007,301,0.0714089
16,64,100,1007,301,0.0842764
16,64,100,1007,301,0.146867
16,64,100,1007,301,0.147071
16,64,100,1007,301,0.188691
16,64,100,1007,301,0.999402
16,64,100,1007,301,0.0794358
16,64,100,1007,301,18.3647
16,64,100,1007,301,0.0711047
16,64,100,1007,301,0.0836496
16,64,100,1007,301,0.0806167
16,64,100,1007,301,0.0828528
16,64,100,1007,301,0.0767882
16,64,100,1007,301,3.24304
16,64,100,1007,301,0.17905
16,64,100,1007,301,0.0790307
16,64,100,1007,301,0.0732397
16,64,100,1007,301,0.0914586
16,64,100,1007,301,0.0906032
16,64,100,1007,301,0.076424
16,64,100,1007,301,0.153886
16,64,100,1007,301,0.13479
16,64,100,1007,301,0.0945033
16,64,100,1007,301,0.109371
16,64,100,1007,301,0.101971
16,64,100,1007,301,0.110472
16,64,100,1007,301,0.0824902
16,64,100,1007,301,11.8011
16,64,100,1007,301,4.22541
16,64,100,1007,301,0.832616
16,64,100,1007,301,0.0885732
16,64,100,1007,301,24.5687
16,64,100,1007,301,0.0738919
16,64,100,1007,301,0.0832727
16,64,100,1007,301,0.0710557
16,64,100,1007,301,0.072282
16,64,100,1007,301,0.831471
16,64,100,1007,301,3.44594
16,64,100,1007,301,0.0766514
16,64,100,1007,301,0.0823267
16,64,100,1007,301,0.0767238
16,64,100,1007,301,32.1938
16,64,100,1007,301,12.6651
1,128,100,1513,300,0.137077
1,128,100,1513,300,0.131243
1,128,100,1513,300,0.145217
1,128,100,1513,300,0.162995
1,128,100,1513,300,0.162919
1,128,100,1513,300,0.179964
1,128,100,1513,300,0.177434
1,128,100,1513,300,0.236135
1,128,100,1513,300,0.178785
1,128,100,1513,300,0.178206
1,128,100,1513,300,0.180118
1,128,100,1513,300,0.178404
1,128,100,1513,300,0.179282
1,128,100,1513,300,0.177282
1,128,100,1513,300,0.179613
1,128,100,1513,300,0.179243
1,128,100,1513,300,0.178298
1,128,100,1513,300,0.179813
1,128,100,1513,300,0.236163
1,128,100,1513,300,0.152406
1,128,100,1513,300,0.17793
1,128,100,1513,300,0.237816
1,128,100,1513,300,0.237462
1,128,100,1513,300,0.237905
1,128,100,1513,300,0.179908
1,128,100,1513,300,0.236063
1,128,100,1513,300,0.238522
1,128,100,1513,300,0.238356
1,128,100,1513,300,0.236858
1,128,100,1513,300,0.235866
1,128,100,1513,300,0.179402
1,128,100,1513,300,0.178718
1,128,100,1513,300,0.179551
1,128,100,1513,300,0.180018
1,128,100,1513,300,0.18036
1,128,100,1513,300,0.179015
1,128,100,1513,300,0.161894
1,128,100,1513,300,0.177986
1,128,100,1513,300,0.178006
1,128,100,1513,300,0.179049
1,128,100,1513,300,0.178036
1,128,100,1513,300,0.172066
1,128,100,1513,300,0.238314
1,128,100,1513,300,0.237154
1,128,100,1513,300,0.179601
1,128,100,1513,300,0.177512
1,128,100,1513,300,0.238084
1,128,100,1513,300,0.236397
1,128,100,1513,300,0.236255
1,128,100,1513,300,0.151861
2,128,100,1512,300,0.148434
2,128,100,1512,300,0.150305
2,128,100,1512,300,0.155912
2,128,100,1512,300,0.15544
2,128,100,1512,300,0.154993
2,128,100,1512,300,0.155316
2,128,100,1512,300,0.147996
2,128,100,1512,300,0.143029
2,128,100,1512,300,0.13954
2,128,100,1512,300,0.128512
2,128,100,1512,300,0.142639
2,128,100,1512,300,0.136091
2,128,100,1512,300,0.138043
2,128,100,1512,300,0.139437
2,128,100,1512,300,0.130651
2,128,100,1512,300,0.140002
2,128,100,1512,300,0.138915
2,128,100,1512,300,0.130374
2,128,100,1512,300,0.12991
2,128,100,1512,300,0.139226
2,128,100,1512,300,0.130157
2,128,100,1512,300,0.137463
2,128,100,1512,300,0.129759
2,128,100,1512,300,0.129687
2,128,100,1512,300,0.131914
2,128,100,1512,300,0.138078
2,128,100,1512,300,0.140601
2,128,100,1512,300,0.10741
2,128,100,1512,300,0.138361
2,128,100,1512,300,0.103913
2,128,100,1512,300,0.131317
2,128,100,1512,300,0.138929
2,128,100,1512,300,0.129083
2,128,100,1512,300,0.130192
2,128,100,1512,300,0.138311
2,128,100,1512,300,0.139186
2,128,100,1512,300,0.130464
2,128,100,1512,300,0.139909
2,128,100,1512,300,0.139572
2,128,100,1512,300,0.13052
2,128,100,1512,300,0.13741
2,128,100,1512,300,0.131512
2,128,100,1512,300,0.138761
2,128,100,1512,300,0.137277
2,128,100,1512,300,0.139505
2,128,100,1512,300,0.119384
2,128,100,1512,300,0.131848
2,128,100,1512,300,0.139002
2,128,100,1512,300,0.139011
2,128,100,1512,300,0.131415
4,128,100,1512,300,0.117744
4,128,100,1513,300,1.0447
4,128,100,1513,300,4.74014
4,128,100,1513,300,0.10917
4,128,100,1510,300,4.47192
4,128,100,1513,300,0.115169
4,128,100,1517,300,0.114532
4,128,100,1512,300,3.8554
4,128,100,1516,300,0.119608
4,128,100,1512,300,0.109276
4,128,100,1512,300,1.05804
4,128,100,1517,300,0.112546
4,128,100,1516,300,2.06698
4,128,100,1513,300,0.583416
4,128,100,1513,300,1.0347
4,128,100,1513,300,0.113428
4,128,100,1512,300,0.107
4,128,100,1512,300,0.0981324
4,128,100,1514,300,0.424031
4,128,100,1513,300,0.0992184
4,128,100,1513,300,4.73131
4,128,100,1514,300,2.31901
4,128,100,1513,300,0.114813
4,128,100,1514,300,0.0992438
4,128,100,1509,300,0.109805
4,128,100,1517,300,0.106395
4,128,100,1514,300,0.0927379
4,128,100,1513,300,0.093995
4,128,100,1513,300,0.0984926
4,128,100,1511,300,0.0970385
4,128,100,1513,300,0.107866
4,128,100,1514,300,3.8302
4,128,100,1513,300,0.344135
4,128,100,1510,300,0.0915554
4,128,100,1512,300,0.115188
4,128,100,1514,300,0.101187
4,128,100,1512,300,0.106639
4,128,100,1511,300,0.112997
4,128,100,1515,300,0.108202
4,128,100,1513,300,0.209235
4,128,100,1517,300,0.115801
4,128,100,1513,300,0.106353
4,128,100,1511,300,0.112864
4,128,100,1513,300,0.106952
4,128,100,1514,300,0.106541
4,128,100,1516,300,0.101007
4,128,100,1514,300,0.10638
4,128,100,1515,300,0.106362
4,128,100,1511,300,0.126509
4,128,100,1515,300,0.139239
8,128,100,1513,300,0.114419
8,128,100,1509,300,0.113033
8,128,100,1516,300,0.118622
8,128,100,1512,300,0.121974
8,128,100,1511,300,0.111654
8,128,100,1517,300,0.104033
8,128,100,1513,300,0.100264
8,128,100,1513,300,0.109515
8,128,100,1515,300,0.121167
8,128,100,1515,300,0.113805
8,128,100,1513,300,0.108108
8,128,100,1513,300,0.116056
8,128,100,1514,300,0.118882
8,128,100,1514,300,0.124937
8,128,100,1513,300,0.115144
8,128,100,1518,300,0.128595
8,128,100,1513,300,0.102711
8,128,100,1514,300,0.104615
8,128,100,1513,300,0.105518
8,128,100,1510,300,0.100481
8,128,100,1513,300,0.104341
8,128,100,1516,300,0.103007
8,128,100,1512,300,0.104145
8,128,100,1510,300,0.103423
8,128,100,1516,300,0.117629
8,128,100,1516,300,0.0988052
8,128,100,1513,300,0.118484
8,128,100,1513,300,0.106851
8,128,100,1519,300,0.104507
8,128,100,1510,300,0.117331
8,128,100,1512,301,0.122532
8,128,100,1511,300,0.117139
8,128,100,1515,300,0.121745
8,128,100,1510,300,0.112079
8,128,100,1513,300,0.118475
8,128,100,1516,300,0.111771
8,128,100,1511,300,0.21787
8,128,100,1510,300,0.12568
8,128,100,1513,300,0.125194
8,128,100,1515,300,0.106544
8,128,100,1513,300,0.11478
8,128,100,1510,300,0.105316
8,128,100,1512,300,9.72756
8,128,100,1512,300,0.102785
8,128,100,1511,300,0.0999923
8,128,100,1515,300,0.104332
8,128,100,1516,300,0.104471
8,128,100,1514,300,0.105132
8,128,100,1518,300,0.1173
8,128,100,1516,300,0.0933403
16,128,100,1512,300,0.12196
16,128,100,1514,300,0.126951
16,128,100,1518,300,1.90622
16,128,100,1516,300,44.708
16,128,100,1515,300,0.133476
16,128,100,1515,300,129.563
16,128,100,1517,300,0.148549
16,128,100,1514,300,0.879311
16,128,100,1514,300,0.128088
16,128,100,1514,300,12.54
16,128,100,1512,300,0.133618
16,128,100,1513,300,0.131845
16,128,100,1517,300,0.130538
16,128,100,1517,300,0.161655
16,128,100,1515,300,0.132731
16,128,100,1513,300,0.134676
16,128,100,1513,300,16.0499
16,128,100,1513,300,0.135314
16,128,100,1515,300,0.143633
16,128,100,1511,300,68.1593
16,128,100,1509,300,37.9871
16,128,100,1513,300,2.23303
16,128,100,1512,300,29.0611
16,128,100,1514,300,0.128473
16,128,100,1511,300,0.136176
16,128,100,1513,300,0.119775
16,128,100,1512,300,0.135275
16,128,100,1518,300,0.115993
16,128,100,1514,300,0.140049
16,128,100,1511,300,0.128991
16,128,100,1514,300,0.123994
16,128,100,1511,300,0.247362
16,128,100,1512,300,0.132935
16,128,100,1511,300,0.131176
16,128,100,1512,300,0.134194
16,128,100,1512,300,12.3272
16,128,100,1511,300,0.135248
16,128,100,1513,300,0.129193
16,128,100,1515,300,0.149005
16,128,100,1512,300,0.131569
16,128,100,1515,300,0.125475
16,128,100,1511,300,0.130113
16,128,100,1513,300,0.128669
16,128,100,1515,300,0.147758
16,128,100,1516,300,0.129512
16,128,100,1513,300,9.19957
16,128,100,1513,300,160.817
16,128,100,1513,300,7.32262
16,128,100,1516,300,0.128474
16,128,100,1513,300,0.131645
1,256,100,2782,300,0.915519
1,256,100,2782,300,1.18092
1,256,100,2782,300,1.00703
1,256,100,2782,300,1.24707
1,256,100,2782,300,1.17398
1,256,100,2782,300,1.07663
1,256,100,2782,300,1.5441
1,256,100,2782,300,1.2306
1,256,100,2782,300,1.56023
1,256,100,2782,300,1.24192
1,256,100,2782,300,1.08068
1,256,100,2782,300,1.24661
1,256,100,2782,300,1.56144
1,256,100,2782,300,1.23088
1,256,100,2782,300,1.18165
1,256,100,2782,300,1.13673
1,256,100,2782,300,1.09629
1,256,100,2782,300,1.22866
1,256,100,2782,300,1.08979
1,256,100,2782,300,1.57197
1,256,100,2782,300,1.22896
1,256,100,2782,300,1.25316
1,256,100,2782,300,1.23874
1,256,100,2782,300,1.10499
1,256,100,2782,300,0.907845
1,256,100,2782,300,0.915028
1,256,100,2782,300,0.91007
1,256,100,2782,300,1.57173
1,256,100,2782,300,1.23182
1,256,100,2782,300,1.17599
1,256,100,2782,300,1.23117
1,256,100,2782,300,1.09883
1,256,100,2782,300,0.906607
1,256,100,2782,300,0.907738
1,256,100,2782,300,0.912929
1,256,100,2782,300,0.911237
1,256,100,2782,300,0.912012
1,256,100,2782,300,1.08705
1,256,100,2782,300,1.17658
1,256,100,2782,300,1.2334
1,256,100,2782,300,1.13577
1,256,100,2782,300,0.906976
1,256,100,2782,300,0.906802
1,256,100,2782,300,0.908007
1,256,100,2782,300,0.907942
1,256,100,2782,300,0.909699
1,256,100,2782,300,0.906872
1,256,100,2782,300,1.08152
1,256,100,2782,300,1.17273
1,256,100,2782,300,1.23001
2,256,100,2783,300,0.679578
2,256,100,2783,300,0.666991
2,256,100,2783,300,0.610105
2,256,100,2783,300,0.644728
2,256,100,2783,300,0.653797
2,256,100,2783,300,0.669623
2,256,100,2783,300,0.637558
2,256,100,2783,300,0.655049
2,256,100,2783,300,0.671369
2,256,100,2783,300,0.648214
2,256,100,2783,300,0.650419
2,256,100,2783,300,0.67443
2,256,100,2783,300,0.609097
2,256,100,2783,300,0.604825
2,256,100,2783,300,0.665751
2,256,100,2783,300,0.60717
2,256,100,2783,300,0.666105
2,256,100,2783,300,0.66324
2,256,100,2783,300,0.624339
2,256,100,2783,300,0.618706
2,256,100,2783,300,0.603176
2,256,100,2783,300,0.672105
2,256,100,2783,300,0.657707
2,256,100,2783,300,0.666564
2,256,100,2783,300,0.664686
2,256,100,2783,300,0.613096
2,256,100,2783,300,0.64923
2,256,100,2783,300,0.598415
2,256,100,2783,300,0.66607
2,256,100,2783,300,0.668078
2,256,100,2783,300,0.65664
2,256,100,2783,300,0.542568
2,256,100,2783,300,0.51985
2,256,100,2783,300,0.517262
2,256,100,2783,300,0.643394
2,256,100,2783,300,0.646872
2,256,100,2783,300,0.645099
2,256,100,2783,300,0.562558
2,256,100,2783,300,0.528033
2,256,100,2783,300,0.517971
2,256,100,2783,300,0.521364
2,256,100,2783,300,0.525215
2,256,100,2783,300,0.559959
2,256,100,2783,300,0.672853
2,256,100,2783,300,0.675601
2,256,100,2783,300,0.66446
2,256,100,2783,300,0.555938
2,256,100,2783,300,0.520817
2,256,100,2783,300,0.516573
2,256,100,2783,300,0.627965
4,256,100,2783,300,0.528293
4,256,100,2780,300,5.03239
4,256,100,2782,300,10.8462
4,256,100,2780,300,4.07849
4,256,100,2784,300,0.463918
4,256,100,2783,300,0.368833
4,256,100,2779,300,0.383604
4,256,100,2780,300,0.369327
4,256,100,2781,300,1.51655
4,256,100,2784,300,0.811537
4,256,100,2780,300,5.03864
4,256,100,2778,300,1.35808
4,256,100,2788,300,0.402476
4,256,100,2783,300,0.424382
4,256,100,2781,300,0.360612
4,256,100,2778,300,0.347166
4,256,100,2782,300,0.35695
4,256,100,2784,300,0.391124
4,256,100,2785,300,0.40926
4,256,100,2780,300,0.433355
4,256,100,2786,300,0.368938
4,256,100,2781,300,0.349897
4,256,100,2780,300,0.344646
4,256,100,2783,300,0.330275
4,256,100,2783,300,0.448287
4,256,100,2782,300,0.360048
4,256,100,2784,300,0.410859
4,256,100,2780,300,0.417019
4,256,100,2783,300,0.41495
4,256,100,2785,300,0.414883
4,256,100,2781,300,0.411875
4,256,100,2779,300,0.463273
4,256,100,2782,300,0.41536
4,256,100,2780,300,0.408612
4,256,100,2785,300,0.427754
4,256,100,2783,300,0.413371
4,256,100,2779,300,0.404271
4,256,100,2781,300,0.380368
4,256,100,2785,300,0.357769
4,256,100,2784,300,1.30692
4,256,100,2778,300,0.391734
4,256,100,2778,300,0.415048
4,256,100,2783,300,0.413656
4,256,100,2783,300,0.378032
4,256,100,2788,300,0.391596
4,256,100,2783,300,6.48518
4,256,100,2778,300,0.380329
4,256,100,2782,300,0.420998
4,256,100,2785,300,0.414484
4,256,100,2786,300,0.495812
8,256,100,2779,300,0.327823
8,256,100,2780,300,0.329244
8,256,100,2784,300,0.345718
8,256,100,2781,300,0.260772
8,256,100,2784,300,2.08917
8,256,100,2783,300,3.30107
8,256,100,2783,300,0.280842
8,256,100,2782,300,0.300095
8,256,100,2784,300,0.344844
8,256,100,2781,300,0.303822
8,256,100,2782,300,0.33223
8,256,100,2784,300,15.1186
8,256,100,2783,300,0.265558
8,256,100,2785,300,0.30006
8,256,100,2783,300,0.253078
8,256,100,2786,300,0.283426
8,256,100,2786,300,2.73106
8,256,100,2783,300,0.270591
8,256,100,2782,300,1.20926
8,256,100,2784,300,0.254188
8,256,100,2778,300,0.285675
8,256,100,2785,300,0.275438
8,256,100,2781,300,0.283504
8,256,100,2784,300,0.279353
8,256,100,2783,300,0.284989
8,256,100,2778,300,1.88253
8,256,100,2780,300,0.285765
8,256,100,2783,300,0.261999
8,256,100,2785,300,0.267716
8,256,100,2781,300,0.298313
8,256,100,2783,300,0.288612
8,256,100,2782,300,0.33925
8,256,100,2784,300,0.297483
8,256,100,2778,300,2.75314
8,256,100,2784,300,0.328754
8,256,100,2781,300,0.343213
8,256,100,2785,300,0.32767
8,256,100,2783,300,0.643389
8,256,100,2785,300,0.326598
8,256,100,2783,300,0.323761
8,256,100,2782,300,0.277396
8,256,100,2784,300,0.269002
8,256,100,2782,300,0.951231
8,256,100,2779,300,0.265311
8,256,100,2783,300,0.319687
8,256,100,2784,300,0.278761
8,256,100,2784,300,2.18659
8,256,100,2787,300,4.7141
8,256,100,2788,300,0.263658
8,256,100,2784,300,0.274902
16,256,100,2785,300,0.304574
16,256,100,2783,300,49.9984
16,256,100,2784,300,0.273154
16,256,100,2782,300,2.14885
16,256,100,2782,300,9.39193
16,256,100,2783,300,1.23751
16,256,100,2779,300,25.4091
16,256,100,2779,300,55.5318
16,256,100,2786,300,0.267632
16,256,100,2783,300,0.244646
16,256,100,2784,300,11.8057
16,256,100,2783,300,67.7929
16,256,100,2788,300,8.95348
16,256,100,2786,300,0.343529
16,256,100,2782,300,0.271158
16,256,100,2782,300,0.260179
16,256,100,2778,300,0.250104
16,256,100,2786,300,0.26845
16,256,100,2784,300,0.280001
16,256,100,2783,300,10.7781
16,256,100,2778,300,0.238656
16,256,100,2781,300,0.25221
16,256,100,2784,300,0.355439
16,256,100,2784,300,0.27225
16,256,100,2783,300,0.268241
16,256,100,2784,300,2.63781
16,256,100,2778,300,0.28405
16,256,100,2783,300,35.0382
16,256,100,2784,300,0.253932
16,256,100,2782,300,0.289477
16,256,100,2784,300,0.262046
16,256,100,2783,300,0.266521
16,256,100,2782,300,38.6314
16,256,100,2782,300,0.258167
16,256,100,2783,300,98.3794
16,256,100,2784,300,0.69312
16,256,100,2782,300,0.288669
16,256,100,2783,300,0.31405
16,256,100,2780,300,21.5196
16,256,100,2786,300,0.245702
16,256,100,2782,300,0.240689
16,256,100,2785,300,0.252635
16,256,100,2784,300,53.8007
16,256,100,2785,300,0.232246
16,256,100,2782,300,2.25982
16,256,100,2782,300,0.224896
16,256,100,2782,300,63.0991
16,256,100,2784,300,0.23397
16,256,100,2781,300,0.290224
16,256,100,2786,300,38.5286
1,512,100,5367,300,5.85458
1,512,100,5367,300,5.84895
1,512,100,5367,300,6.55829
1,512,100,5367,300,6.88987
1,512,100,5367,300,6.60282
1,512,100,5367,300,5.87373
1,512,100,5367,300,6.88163
1,512,100,5367,300,6.83909
1,512,100,5367,300,6.58541
1,512,100,5367,300,6.87722
1,512,100,5367,300,6.86253
1,512,100,5367,300,6.14374
1,512,100,5367,300,6.85617
1,512,100,5367,300,6.62443
1,512,100,5367,300,6.54881
1,512,100,5367,300,5.82515
1,512,100,5367,300,6.89578
1,512,100,5367,300,6.16908
1,512,100,5367,300,6.17798
1,512,100,5367,300,6.88795
1,512,100,5367,300,6.89412
1,512,100,5367,300,6.89547
1,512,100,5367,300,6.59956
1,512,100,5367,300,6.55315
1,512,100,5367,300,5.87193
1,512,100,5367,300,6.54699
1,512,100,5367,300,6.59373
1,512,100,5367,300,6.59042
1,512,100,5367,300,6.89163
1,512,100,5367,300,6.87826
1,512,100,5367,300,6.62223
1,512,100,5367,300,6.58925
1,512,100,5367,300,6.8615
1,512,100,5367,300,8.73517
1,512,100,5367,300,7.50913
1,512,100,5367,300,6.88081
1,512,100,5367,300,7.94973
1,512,100,5367,300,7.80984
1,512,100,5367,300,7.9559
1,512,100,5367,300,7.74341
1,512,100,5367,300,6.57297
1,512,100,5367,300,8.7864
1,512,100,5367,300,6.58857
1,512,100,5367,300,5.88761
1,512,100,5367,300,6.86844
1,512,100,5367,300,6.91785
1,512,100,5367,300,6.92219
1,512,100,5367,300,7.13437
1,512,100,5367,300,6.59141
1,512,100,5367,300,6.85686
2,512,100,5362,300,3.8129
2,512,100,5362,300,3.19381
2,512,100,5362,300,3.902
2,512,100,5362,300,4.05366
2,512,100,5362,300,3.74445
2,512,100,5362,300,3.05836
2,512,100,5362,300,3.89778
2,512,100,5362,300,3.49262
2,512,100,5362,300,3.8846
2,512,100,5362,300,3.9072
2,512,100,5362,300,3.89764
2,512,100,5362,300,3.24033
2,512,100,5362,300,3.81434
2,512,100,5362,300,3.8218
2,512,100,5362,300,3.22334
2,512,100,5362,300,3.21046
2,512,100,5362,300,3.24375
2,512,100,5362,300,3.2344
2,512,100,5362,300,3.81913
2,512,100,5362,300,3.76714
2,512,100,5362,300,3.88677
2,512,100,5362,300,3.20875
2,512,100,5362,300,3.20229
2,512,100,5362,300,3.2002
2,512,100,5362,300,3.22248
2,512,100,5362,300,4.13408
2,512,100,5362,300,4.18677
2,512,100,5362,300,3.75282
2,512,100,5362,300,3.07147
2,512,100,5362,300,4.2027
2,512,100,5362,300,3.22674
2,512,100,5362,300,4.18416
2,512,100,5362,300,3.25427
2,512,100,5362,300,3.81357
2,512,100,5362,300,3.22377
2,512,100,5362,300,3.74695
2,512,100,5362,300,3.90127
2,512,100,5362,300,3.91283
2,512,100,5362,300,3.20283
2,512,100,5362,300,4.20241
2,512,100,5362,300,4.17026
2,512,100,5362,300,3.83421
2,512,100,5362,300,3.81623
2,512,100,5362,300,3.81172
2,512,100,5362,300,3.81872
2,512,100,5362,300,3.81856
2,512,100,5362,300,4.13757
2,512,100,5362,300,3.81737
2,512,100,5362,300,4.12937
2,512,100,5362,300,3.82313
4,512,100,5357,300,3.45648
4,512,100,5362,300,2.06668
4,512,100,5355,300,2.02484
4,512,100,5366,300,2.02362
4,512,100,5361,300,2.04037
4,512,100,5353,300,2.05144
4,512,100,5368,300,2.24718
4,512,100,5359,300,2.63047
4,512,100,5367,300,1.89247
4,512,100,5366,300,2.07101
4,512,100,5361,300,2.64323
4,512,100,5363,300,2.3742
4,512,100,5357,300,2.24981
4,512,100,5365,300,2.41508
4,512,100,5362,300,2.37135
4,512,100,5359,300,2.34586
4,512,100,5354,300,2.6307
4,512,100,5361,300,2.35726
4,512,100,5370,300,2.15363
4,512,100,5366,300,2.24048
4,512,100,5360,300,2.47961
4,512,100,5352,300,2.31842
4,512,100,5359,300,2.38957
4,512,100,5364,300,7.42973
4,512,100,5360,300,2.15016
4,512,100,5362,300,2.14968
4,512,100,5357,300,2.33415
4,512,100,5357,300,2.11248
4,512,100,5355,301,2.37373
4,512,100,5355,300,2.25965
4,512,100,5363,300,2.37938
4,512,100,5360,300,2.10864
4,512,100,5360,301,2.1653
4,512,100,5363,300,2.13128
4,512,100,5358,300,2.28805
4,512,100,5363,300,2.37802
4,512,100,5368,300,2.35043
4,512,100,5364,300,2.38759
4,512,100,5361,300,2.33309
4,512,100,5360,300,2.66764
4,512,100,5373,301,2.29656
4,512,100,5363,300,2.12598
4,512,100,5358,300,2.24994
4,512,100,5367,301,2.16938
4,512,100,5358,300,2.42206
4,512,100,5360,300,1.88273
4,512,100,5360,300,2.14843
4,512,100,5363,300,2.16639
4,512,100,5366,300,2.30866
4,512,100,5358,300,2.27032
8,512,100,5352,300,1.27278
8,512,100,5364,300,1.26007
8,512,100,5362,300,78.2246
8,512,100,5364,300,1.19102
8,512,100,5363,300,1.17582
8,512,100,5357,300,1.28298
8,512,100,5354,300,1.2431
8,512,100,5360,300,1.23156
8,512,100,5366,300,2.88849
8,512,100,5366,300,1.2345
8,512,100,5358,300,1.20734
8,512,100,5370,300,1.20688
8,512,100,5359,300,1.26774
8,512,100,5357,300,1.29581
8,512,100,5359,300,1.22416
8,512,100,5362,300,1.24962
8,512,100,5369,300,1.2387
8,512,100,5365,300,1.68566
8,512,100,5367,300,1.26213
8,512,100,5360,300,2.97119
8,512,100,5363,300,1.24453
8,512,100,5361,301,1.23772
8,512,100,5361,300,1.25668
8,512,100,5367,300,1.23213
8,512,100,5360,301,1.42907
8,512,100,5362,300,1.2415
8,512,100,5356,300,1.35715
8,512,100,5357,300,1.58141
8,512,100,5365,300,1.30658
8,512,100,5353,300,1.26136
8,512,100,5360,300,1.33019
8,512,100,5364,300,1.34592
8,512,100,5360,300,1.24484
8,512,100,5357,300,1.22
8,512,100,5353,300,1.25826
8,512,100,5360,300,1.26483
8,512,100,5355,300,1.21041
8,512,100,5360,300,1.2641
8,512,100,5354,300,3.30208
8,512,100,5378,302,3.02187
8,512,100,5359,300,1.36838
8,512,100,5371,300,1.36251
8,512,100,5365,300,1.2439
8,512,100,5360,300,1.19927
8,512,100,5368,300,1.25932
8,512,100,5357,300,1.26758
8,512,100,5371,300,1.32307
8,512,100,5362,300,1.28704
8,512,100,5361,300,1.24258
8,512,100,5356,300,1.25487
16,512,100,5363,300,0.893863
16,512,100,5363,300,0.900216
16,512,100,5359,300,1.51397
16,512,100,5363,300,1.20477
16,512,100,5366,300,0.884641
16,512,100,5355,300,0.894743
16,512,100,5353,300,0.928845
16,512,100,5355,300,0.815265
16,512,100,5359,300,0.898169
16,512,100,5363,300,0.824202
16,512,100,5362,300,0.876082
16,512,100,5366,300,0.773548
16,512,100,5363,300,86.0904
16,512,100,5358,300,0.843511
16,512,100,5365,300,18.3468
16,512,100,5361,300,0.894054
16,512,100,5354,300,1.83694
16,512,100,5360,300,18.0813
16,512,100,5363,300,0.827685
16,512,100,5360,300,0.8743
16,512,100,5365,300,0.916164
16,512,100,5357,300,0.821073
16,512,100,5366,300,0.821586
16,512,100,5364,300,0.85109
16,512,100,5363,300,0.831803
16,512,100,5364,300,0.837404
16,512,100,5362,300,0.839568
16,512,100,5363,300,0.853293
16,512,100,5361,300,0.855212
16,512,100,5367,300,0.929511
16,512,100,5360,300,0.780592
16,512,100,5359,300,0.871978
16,512,100,5365,300,0.876228
16,512,100,5358,300,0.853205
16,512,100,5356,300,0.897163
16,512,100,5363,300,21.6199
16,512,100,5359,300,37.7959
16,512,100,5356,300,39.6744
16,512,100,5362,300,1.79135
16,512,100,5355,300,0.934927
16,512,100,5358,300,0.845441
16,512,100,5362,300,0.832185
16,512,100,5369,300,0.838425
16,512,100,5363,300,0.931233
16,512,100,5363,300,0.791661
16,512,100,5364,300,2.27015
16,512,100,5362,300,0.927099
16,512,100,5361,300,0.832325
16,512,100,5361,300,0.891512
16,512,100,5353,300,0.788116
1,1024,100,10543,305,75.762
1,1024,100,10543,305,83.0485
1,1024,100,10543,305,83.3502
1,1024,100,10543,305,79.0253
1,1024,100,10543,305,74.6344
1,1024,100,10543,305,84.6232
1,1024,100,10543,305,79.6559
1,1024,100,10543,305,81.587
1,1024,100,10543,305,81.4271
1,1024,100,10543,305,81.7846
1,1024,100,10543,305,78.1871
1,1024,100,10543,305,73.0836
1,1024,100,10543,305,74.6758
1,1024,100,10543,305,76.4489
1,1024,100,10543,305,85.5491
1,1024,100,10543,305,75.4134
1,1024,100,10543,305,74.5064
1,1024,100,10543,305,74.3736
1,1024,100,10543,305,76.0051
1,1024,100,10543,305,75.3281
1,1024,100,10543,305,74.5935
1,1024,100,10543,305,74.8053
1,1024,100,10543,305,73.6765
1,1024,100,10543,305,74.9374
1,1024,100,10543,305,74.9681
1,1024,100,10543,305,75.1377
1,1024,100,10543,305,74.4761
1,1024,100,10543,305,74.5644
1,1024,100,10543,305,76.6514
1,1024,100,10543,305,74.8561
1,1024,100,10543,305,76.8014
1,1024,100,10543,305,79.2785
1,1024,100,10543,305,74.8804
1,1024,100,10543,305,75.2301
1,1024,100,10543,305,74.0562
1,1024,100,10543,305,74.6227
1,1024,100,10543,305,75.8213
1,1024,100,10543,305,75.2006
1,1024,100,10543,305,74.2343
1,1024,100,10543,305,98.4366
1,1024,100,10543,305,114.377
1,1024,100,10543,305,114.906
1,1024,100,10543,305,115.047
1,1024,100,10543,305,115.797
1,1024,100,10543,305,114.62
1,1024,100,10543,305,115.275
1,1024,100,10543,305,114.596
1,1024,100,10543,305,115.954
1,1024,100,10543,305,115.306
1,1024,100,10543,305,114.975
1,1024,100,10543,305,69.8624
1,1024,100,10543,305,65.0359
1,1024,100,10543,305,73.5487
1,1024,100,10543,305,75.0232
1,1024,100,10543,305,77.3268
1,1024,100,10543,305,83.894
1,1024,100,10543,305,78.1425
1,1024,100,10543,305,79.2947
1,1024,100,10543,305,77.6958
1,1024,100,10543,305,78.9812
2,1024,100,10476,302,41.4143
2,1024,100,10476,302,35.1474
2,1024,100,10476,302,32.1426
2,1024,100,10476,302,40.8671
2,1024,100,10476,302,29.7422
2,1024,100,10476,302,35.7017
2,1024,100,10476,302,32.4464
2,1024,100,10476,302,30.6106
2,1024,100,10476,302,31.294
2,1024,100,10476,302,31.1901
2,1024,100,10476,302,33.6463
2,1024,100,10476,302,30.9179
2,1024,100,10476,302,31.0983
2,1024,100,10476,302,31.6721
2,1024,100,10476,302,31.9087
2,1024,100,10476,302,32.4351
2,1024,100,10476,302,31.3674
2,1024,100,10476,302,35.1156
2,1024,100,10476,302,32.2255
2,1024,100,10476,302,32.1881
2,1024,100,10476,302,29.5898
2,1024,100,10476,302,29.288
2,1024,100,10476,302,29.4147
2,1024,100,10476,302,29.1745
2,1024,100,10476,302,31.2751
2,1024,100,10476,302,40.3062
2,1024,100,10476,302,40.6158
2,1024,100,10476,302,31.376
2,1024,100,10476,302,41.4788
2,1024,100,10476,302,40.278
2,1024,100,10476,302,30.7469
2,1024,100,10476,302,30.4171
2,1024,100,10476,302,30.9651
2,1024,100,10476,302,30.3465
2,1024,100,10476,302,31.2914
2,1024,100,10476,302,33.052
2,1024,100,10476,302,30.3293
2,1024,100,10476,302,31.5526
2,1024,100,10476,302,30.4488
2,1024,100,10476,302,32.3128
2,1024,100,10476,302,34.6453
2,1024,100,10476,302,33.865
2,1024,100,10476,302,31.3091
2,1024,100,10476,302,30.4157
2,1024,100,10476,302,30.6745
2,1024,100,10476,302,30.6984
2,1024,100,10476,302,30.6316
2,1024,100,10476,302,32.2385
2,1024,100,10476,302,34.7776
2,1024,100,10476,302,33.3176
4,1024,100,10449,301,22.3413
4,1024,100,10466,302,17.7956
4,1024,100,10442,300,17.5199
4,1024,100,10494,304,17.4451
4,1024,100,10527,305,17.4123
4,1024,100,10496,303,17.8807
4,1024,100,10574,308,18.1043
4,1024,100,10558,306,22.1868
4,1024,100,10501,304,17.679
4,1024,100,10480,302,17.3088
4,1024,100,10564,307,17.622
4,1024,100,10519,304,17.0129
4,1024,100,10554,307,17.6299
4,1024,100,10507,303,17.219
4,1024,100,10436,300,17.4635
4,1024,100,10545,306,17.5202
4,1024,100,10495,303,17.6742
4,1024,100,10489,303,17.3704
4,1024,100,10548,306,17.1246
4,1024,100,10464,302,17.8637
4,1024,100,10486,303,22.2852
4,1024,100,10512,304,22.0627
4,1024,100,10512,303,17.3086
4,1024,100,10496,303,17.2571
4,1024,100,10524,304,17.4136
4,1024,100,10502,303,17.2265
4,1024,100,10494,303,17.9158
4,1024,100,10461,302,19.1482
4,1024,100,10468,301,16.9104
4,1024,100,10498,303,20.3206
4,1024,100,10512,304,19.7169
4,1024,100,10504,303,16.9722
4,1024,100,10466,302,17.0159
4,1024,100,10497,304,17.215
4,1024,100,10496,303,17.3143
4,1024,100,10502,303,17.2699
4,1024,100,10550,306,17.4836
4,1024,100,10477,302,19.3763
4,1024,100,10518,304,17.4137
4,1024,100,10509,304,18.0415
4,1024,100,10466,301,17.6167
4,1024,100,10480,302,17.8511
4,1024,100,10500,303,17.5495
4,1024,100,10542,306,17.3772
4,1024,100,10501,303,18.4083
4,1024,100,10487,303,17.5992
4,1024,100,10485,303,17.6533
4,1024,100,10563,306,17.947
4,1024,100,10527,305,17.4467
4,1024,100,10503,304,17.0775
8,1024,100,10545,306,7.97102
8,1024,100,10533,305,7.8834
8,1024,100,10516,304,9.65994
8,1024,100,10481,302,8.18316
8,1024,100,10462,302,9.91484
8,1024,100,10508,304,10.4458
8,1024,100,10513,304,11.0321
8,1024,100,10562,308,10.9169
8,1024,100,10535,305,9.70446
8,1024,100,10489,303,7.70153
8,1024,100,10513,304,9.7156
8,1024,100,10472,301,7.53707
8,1024,100,10548,306,8.87895
8,1024,100,10480,303,8.08605
8,1024,100,10510,304,9.78503
8,1024,100,10471,302,12.8098
8,1024,100,10554,306,18.2687
8,1024,100,10517,304,12.8173
8,1024,100,10457,301,25.2737
8,1024,100,10536,306,17.0215
8,1024,100,10462,302,9.36741
8,1024,100,10446,301,9.20145
8,1024,100,10465,302,13.0232
8,1024,100,10494,303,9.15199
8,1024,100,10532,305,20.6531
8,1024,100,10533,305,8.30811
8,1024,100,10488,303,10.9434
8,1024,100,10511,304,7.83708
8,1024,100,10542,305,10.9066
8,1024,100,10512,304,10.5738
8,1024,100,10470,303,10.3814
8,1024,100,10497,303,9.67868
8,1024,100,10480,302,8.78967
8,1024,100,10447,300,8.6831
8,1024,100,10459,301,24.5448
8,1024,100,10502,304,8.88842
8,1024,100,10501,304,10.5054
8,1024,100,10503,303,8.28893
8,1024,100,10469,302,8.57727
8,1024,100,10514,304,11.4501
8,1024,100,10511,303,8.08412
8,1024,100,10467,301,7.81574
8,1024,100,10521,304,9.39956
8,1024,100,10486,303,9.09595
8,1024,100,10526,304,9.11823
8,1024,100,10516,304,9.00274
8,1024,100,10461,301,9.10312
8,1024,100,10495,303,9.24903
8,1024,100,10483,303,8.05924
8,1024,100,10486,303,9.61479
16,1024,100,10490,303,82.6737
16,1024,100,10497,303,6.18881
16,1024,100,10511,304,21.2641
16,1024,100,10526,305,6.47498
16,1024,100,10449,301,23.295
16,1024,100,10474,302,69.3054
16,1024,100,10497,303,75.669
16,1024,100,10519,305,5.82187
16,1024,100,10458,301,28.5414
16,1024,100,10461,302,32.3153
16,1024,100,10466,301,7.38263
16,1024,100,10496,303,7.26896
16,1024,100,10514,304,28.2101
16,1024,100,10484,302,195.557
16,1024,100,10481,302,12.56
16,1024,100,10469,302,6.05799
16,1024,100,10543,305,5.87366
16,1024,100,10490,304,71.9986
16,1024,100,10451,300,19.5297
16,1024,100,10481,302,5.77392
16,1024,100,10464,301,68.0416
16,1024,100,10501,304,5.92936
16,1024,100,10550,307,83.4167
16,1024,100,10518,304,29.9957
16,1024,100,10543,306,6.13716
16,1024,100,10545,306,5.76676
16,1024,100,10466,302,6.86861
16,1024,100,10467,302,100.702
16,1024,100,10458,301,5.93959
16,1024,100,10525,305,105.928
16,1024,100,10502,303,14.7654
16,1024,100,10468,302,58.1924
16,1024,100,10511,304,17.1386
16,1024,100,10469,301,27.4277
16,1024,100,10475,302,5.86797
16,1024,100,10516,304,11.1495
16,1024,100,10490,303,26.437
16,1024,100,10492,302,8.89209
16,1024,100,10453,301,145.878
16,1024,100,10508,304,95.3
16,1024,100,10515,304,6.03083
16,1024,100,10598,309,7.2661
16,1024,100,10485,302,8.31349
16,1024,100,10488,303,16.1301
16,1024,100,10478,301,6.08405
16,1024,100,10469,301,6.03523
16,1024,100,10471,302,9.79706
16,1024,100,10533,305,5.90761
16,1024,100,10487,303,30.4851
16,1024,100,10492,303,16.0039
