threads,nx,nt,iters_cg,iters_newton,timespent
1,64,100,1007,301,0.0313609
1,64,100,1007,301,0.042002
1,64,100,1007,301,0.0415163
1,64,100,1007,301,0.0411202
1,64,100,1007,301,0.041543
1,64,100,1007,301,0.0420032
1,64,100,1007,301,0.0419286
1,64,100,1007,301,0.0411519
1,64,100,1007,301,0.0416456
1,64,100,1007,301,0.0388312
1,64,100,1007,301,0.0390505
1,64,100,1007,301,0.0394595
1,64,100,1007,301,0.0391608
1,64,100,1007,301,0.0268491
1,64,100,1007,301,0.0271891
1,64,100,1007,301,0.0264424
1,64,100,1007,301,0.0268127
1,64,100,1007,301,0.0265008
1,64,100,1007,301,0.0264384
1,64,100,1007,301,0.0266356
1,64,100,1007,301,0.0265829
1,64,100,1007,301,0.0262743
1,64,100,1007,301,0.0268304
1,64,100,1007,301,0.0261952
1,64,100,1007,301,0.0268452
1,64,100,1007,301,0.0268193
1,64,100,1007,301,0.0261044
1,64,100,1007,301,0.0268143
1,64,100,1007,301,0.0266596
1,64,100,1007,301,0.0271355
1,64,100,1007,301,0.0261478
1,64,100,1007,301,0.026101
1,64,100,1007,301,0.026633
1,64,100,1007,301,0.0266122
1,64,100,1007,301,0.0261616
1,64,100,1007,301,0.026495
1,64,100,1007,301,0.0268324
1,64,100,1007,301,0.0264923
1,64,100,1007,301,0.0269268
1,64,100,1007,301,0.0267525
1,64,100,1007,301,0.0262606
1,64,100,1007,301,0.027325
1,64,100,1007,301,0.0262119
1,64,100,1007,301,0.0266043
1,64,100,1007,301,0.0263136
1,64,100,1007,301,0.0266436
1,64,100,1007,301,0.0264144
1,64,100,1007,301,0.0265392
1,64,100,1007,301,0.0263638
1,64,100,1007,301,0.0265369
2,64,100,1007,301,0.0155362
2,64,100,1007,301,0.0153801
2,64,100,1007,301,0.0160408
2,64,100,1007,301,0.0319988
2,64,100,1007,301,0.0154331
2,64,100,1007,301,0.0151311
2,64,100,1007,301,0.0156532
2,64,100,1007,301,0.0155714
2,64,100,1007,301,0.0153694
2,64,100,1007,301,0.0150879
2,64,100,1007,301,0.0153983
2,64,100,1007,301,0.0151857
2,64,100,1007,301,0.0156154
2,64,100,1007,301,0.0150752
2,64,100,1007,301,0.0154252
2,64,100,1007,301,0.0157964
2,64,100,1007,301,0.0154077
2,64,100,1007,301,0.0158564
2,64,100,1007,301,0.0156234
2,64,100,1007,301,0.0162419
2,64,100,1007,301,0.0155701
2,64,100,1007,301,0.0161203
2,64,100,1007,301,0.0153039
2,64,100,1007,301,0.0157305
2,64,100,1007,301,0.0153492
2,64,100,1007,301,0.0156939
2,64,100,1007,301,0.0242871
2,64,100,1007,301,0.0241637
2,64,100,1007,301,0.0237508
2,64,100,1007,301,0.0239844
2,64,100,1007,301,0.0238641
2,64,100,1007,301,0.0243119
2,64,100,1007,301,0.0243199
2,64,100,1007,301,0.0240221
2,64,100,1007,301,0.0235972
2,64,100,1007,301,0.0244886
2,64,100,1007,301,0.023539
2,64,100,1007,301,0.0242573
2,64,100,1007,301,0.023673
2,64,100,1007,301,0.0245014
2,64,100,1007,301,0.0247559
2,64,100,1007,301,0.0236399
2,64,100,1007,301,0.0238977
2,64,100,1007,301,0.0242886
2,64,100,1007,301,0.0239913
2,64,100,1007,301,0.0244684
2,64,100,1007,301,0.0238091
2,64,100,1007,301,0.0243737
2,64,100,1007,301,0.0239386
2,64,100,1007,301,0.0242313
4,64,100,1007,301,0.0242278
4,64,100,1007,301,0.0234829
4,64,100,1007,301,0.0232597
4,64,100,1007,301,0.0245555
4,64,100,1007,301,0.0259809
4,64,100,1007,301,0.0238672
4,64,100,1007,301,0.0244697
4,64,100,1007,301,0.0251544
4,64,100,1007,301,0.0269272
4,64,100,1007,301,0.0252587
4,64,100,1007,301,0.0247603
4,64,100,1007,301,0.0232889
4,64,100,1007,301,0.0243071
4,64,100,1007,301,0.0247203
4,64,100,1007,301,0.0241273
4,64,100,1007,301,0.0230526
4,64,100,1007,301,0.025902
4,64,100,1007,301,0.0243131
4,64,100,1007,301,0.0240541
4,64,100,1007,301,0.0238222
4,64,100,1007,301,0.024444
4,64,100,1007,301,0.024664
4,64,100,1007,301,0.0257123
4,64,100,1007,301,0.0256682
4,64,100,1007,301,0.025382
4,64,100,1007,301,0.0222933
4,64,100,1007,301,0.0227507
4,64,100,1007,301,0.0242452
4,64,100,1007,301,0.025877
4,64,100,1007,301,0.0207869
4,64,100,1007,301,0.0249685
4,64,100,1007,301,0.0220524
4,64,100,1007,301,0.0217859
4,64,100,1007,301,0.0221637
4,64,100,1007,301,0.0244795
4,64,100,1007,301,0.0227922
4,64,100,1007,301,0.0241208
4,64,100,1007,301,0.0249665
4,64,100,1007,301,0.0263054
4,64,100,1007,301,0.0241593
4,64,100,1007,301,0.0240973
4,64,100,1007,301,0.0251058
4,64,100,1007,301,0.0252087
4,64,100,1007,301,0.0244986
4,64,100,1007,301,0.0243487
4,64,100,1007,301,0.0241471
4,64,100,1007,301,0.0247813
4,64,100,1007,301,0.0247312
4,64,100,1007,301,0.0217148
4,64,100,1007,301,0.0249687
8,64,100,1007,301,0.0176841
8,64,100,1007,301,0.0203813
8,64,100,1007,301,0.204819
8,64,100,1007,301,0.0226615
8,64,100,1007,301,0.0175431
8,64,100,1007,301,0.0172375
8,64,100,1007,301,0.0195923
8,64,100,1007,301,0.0172211
8,64,100,1007,301,0.0174007
8,64,100,1007,301,0.0165966
8,64,100,1007,301,0.0182165
8,64,100,1007,301,0.0195632
8,64,100,1007,301,0.0174689
8,64,100,1007,301,0.017047
8,64,100,1007,301,0.0166197
8,64,100,1007,301,0.0186125
8,64,100,1007,301,0.0176864
8,64,100,1007,301,0.0171828
8,64,100,1007,301,0.0178285
8,64,100,1007,301,0.0173259
8,64,100,1007,301,0.0166422
8,64,100,1007,301,0.0171915
8,64,100,1007,301,0.0174212
8,64,100,1007,301,0.0172249
8,64,100,1007,301,0.0172536
8,64,100,1007,301,0.0184704
8,64,100,1007,301,0.0165014
8,64,100,1007,301,0.0182109
8,64,100,1007,301,0.0193731
8,64,100,1007,301,0.0177611
8,64,100,1007,301,0.0181777
8,64,100,1007,301,0.0170806
8,64,100,1007,301,0.0182882
8,64,100,1007,301,0.0170762
8,64,100,1007,301,0.0168184
8,64,100,1007,301,0.0173111
8,64,100,1007,301,0.0176579
8,64,100,1007,301,0.0170866
8,64,100,1007,301,0.0186061
8,64,100,1007,301,0.0189609
8,64,100,1007,301,0.0175564
8,64,100,1007,301,0.0173082
8,64,100,1007,301,0.0165285
8,64,100,1007,301,0.0186488
8,64,100,1007,301,0.0192082
8,64,100,1007,301,0.0168662
8,64,100,1007,301,0.0180879
8,64,100,1007,301,0.0252672
8,64,100,1007,301,0.0163857
8,64,100,1007,301,0.0163714
16,64,100,1007,301,21.7416
16,64,100,1007,301,1.95082
16,64,100,1007,301,0.0176587
16,64,100,1007,301,5.76166
16,64,100,1007,301,0.0241884
16,64,100,1007,301,43.1099
16,64,100,1007,301,34.7217
16,64,100,1007,301,0.018029
16,64,100,1007,301,33.5331
16,64,100,1007,301,0.0162247
16,64,100,1007,301,0.0162806
16,64,100,1007,301,36.1478
16,64,100,1007,301,0.0179206
16,64,100,1007,301,37.0599
16,64,100,1007,301,0.0173765
16,64,100,1007,301,72.4489
16,64,100,1007,301,0.0309105
16,64,100,1007,301,0.0269941
16,64,100,1007,301,43.3
16,64,100,1007,301,61.1498
16,64,100,1007,301,40.0999
16,64,100,1007,301,0.0163035
16,64,100,1007,301,28.8899
16,64,100,1007,301,0.0193312
16,64,100,1007,301,0.0164711
16,64,100,1007,301,0.0222089
16,64,100,1007,301,0.01851
16,64,100,1007,301,0.0423237
16,64,100,1007,301,0.0163727
16,64,100,1007,301,0.0228923
16,64,100,1007,301,0.0160565
16,64,100,1007,301,0.0186902
16,64,100,1007,301,0.0174109
16,64,100,1007,301,62.4409
16,64,100,1007,301,0.0170692
16,64,100,1007,301,11.7132
16,64,100,1007,301,0.0266599
16,64,100,1007,301,26.3483
16,64,100,1007,301,0.0258281
16,64,100,1007,301,0.0181739
16,64,100,1007,301,0.0177315
16,64,100,1007,301,0.0170279
16,64,100,1007,301,0.130642
16,64,100,1007,301,0.0214332
16,64,100,1007,301,0.0164685
16,64,100,1007,301,0.0254561
16,64,100,1007,301,0.0656315
16,64,100,1007,301,0.0394017
16,64,100,1007,301,0.0176309
16,64,100,1007,301,0.200083
1,128,100,1513,300,0.172945
1,128,100,1513,300,0.231003
1,128,100,1513,300,0.172029
1,128,100,1513,300,0.173942
1,128,100,1513,300,0.17341
1,128,100,1513,300,0.173494
1,128,100,1513,300,0.17279
1,128,100,1513,300,0.173616
1,128,100,1513,300,0.173111
1,128,100,1513,300,0.173288
1,128,100,1513,300,0.172189
1,128,100,1513,300,0.173472
1,128,100,1513,300,0.230517
1,128,100,1513,300,0.230433
1,128,100,1513,300,0.228981
1,128,100,1513,300,0.23481
1,128,100,1513,300,0.232312
1,128,100,1513,300,0.230554
1,128,100,1513,300,0.229678
1,128,100,1513,300,0.230326
1,128,100,1513,300,0.229578
1,128,100,1513,300,0.232094
1,128,100,1513,300,0.230591
1,128,100,1513,300,0.230528
1,128,100,1513,300,0.229308
1,128,100,1513,300,0.231643
1,128,100,1513,300,0.232453
1,128,100,1513,300,0.231583
1,128,100,1513,300,0.231142
1,128,100,1513,300,0.228147
1,128,100,1513,300,0.231208
1,128,100,1513,300,0.230089
1,128,100,1513,300,0.232017
1,128,100,1513,300,0.172706
1,128,100,1513,300,0.172447
1,128,100,1513,300,0.172685
1,128,100,1513,300,0.17163
1,128,100,1513,300,0.172819
1,128,100,1513,300,0.172392
1,128,100,1513,300,0.182828
1,128,100,1513,300,0.228342
1,128,100,1513,300,0.175054
1,128,100,1513,300,0.171663
1,128,100,1513,300,0.171217
1,128,100,1513,300,0.172948
1,128,100,1513,300,0.179248
1,128,100,1513,300,0.158855
1,128,100,1513,300,0.157835
1,128,100,1513,300,0.15696
1,128,100,1513,300,0.159034
2,128,100,1512,300,0.0829661
2,128,100,1512,300,0.110799
2,128,100,1512,300,0.0919636
2,128,100,1512,300,0.0908988
2,128,100,1512,300,0.090635
2,128,100,1512,300,0.0900364
2,128,100,1512,300,0.110254
2,128,100,1512,300,0.0904521
2,128,100,1512,300,0.112616
2,128,100,1512,300,0.0906738
2,128,100,1512,300,0.0913714
2,128,100,1512,300,0.0902982
2,128,100,1512,300,0.0905131
2,128,100,1512,300,0.102318
2,128,100,1512,300,0.09127
2,128,100,1512,300,0.0915857
2,128,100,1512,300,0.111449
2,128,100,1512,300,0.0904817
2,128,100,1512,300,0.0915351
2,128,100,1512,300,0.0917008
2,128,100,1512,300,0.0901805
2,128,100,1512,300,0.0902919
2,128,100,1512,300,0.110843
2,128,100,1512,300,0.0905631
2,128,100,1512,300,0.090542
2,128,100,1512,300,0.111518
2,128,100,1512,300,0.0908625
2,128,100,1512,300,0.0909175
2,128,100,1512,300,0.0929216
2,128,100,1512,300,0.111553
2,128,100,1512,300,0.0908185
2,128,100,1512,300,0.112357
2,128,100,1512,300,0.0909506
2,128,100,1512,300,0.111235
2,128,100,1512,300,0.09034
2,128,100,1512,300,0.0917939
2,128,100,1512,300,0.111725
2,128,100,1512,300,0.111181
2,128,100,1512,300,0.0904965
2,128,100,1512,300,0.11147
2,128,100,1512,300,0.090656
2,128,100,1512,300,0.112105
2,128,100,1512,300,0.0905525
2,128,100,1512,300,0.0911132
2,128,100,1512,300,0.110661
2,128,100,1512,300,0.0905796
2,128,100,1512,300,0.0915465
2,128,100,1512,300,0.0911432
2,128,100,1512,300,0.0907191
2,128,100,1512,300,0.0907925
4,128,100,1513,300,0.0751883
4,128,100,1513,300,0.060548
4,128,100,1513,300,0.0707915
4,128,100,1513,300,0.0783186
4,128,100,1513,300,0.0810828
4,128,100,1513,300,0.0825546
4,128,100,1513,300,0.0772847
4,128,100,1513,300,0.0653514
4,128,100,1513,300,0.0731819
4,128,100,1513,300,0.0793547
4,128,100,1513,300,0.0799102
4,128,100,1513,300,0.0753471
4,128,100,1513,300,0.0639303
4,128,100,1513,300,0.0723099
4,128,100,1513,300,0.0818362
4,128,100,1513,300,0.0671165
4,128,100,1513,300,0.0812012
4,128,100,1513,300,0.0790919
4,128,100,1513,300,0.0850323
4,128,100,1513,300,0.0769999
4,128,100,1513,300,0.0723498
4,128,100,1513,300,0.0580703
4,128,100,1513,300,0.0766876
4,128,100,1513,300,0.0657806
4,128,100,1513,300,0.0661861
4,128,100,1513,300,0.0781639
4,128,100,1513,300,0.0773796
4,128,100,1513,300,0.0778386
4,128,100,1513,300,0.0769927
4,128,100,1513,300,0.0778124
4,128,100,1513,300,0.0819659
4,128,100,1513,300,0.0778949
4,128,100,1513,300,0.0827214
4,128,100,1513,300,0.0708736
4,128,100,1513,300,0.078483
4,128,100,1513,300,0.0640424
4,128,100,1513,300,0.0817595
4,128,100,1513,300,0.0650331
4,128,100,1513,300,0.0792196
4,128,100,1513,300,0.0806696
4,128,100,1513,300,0.0772376
4,128,100,1513,300,0.0774742
4,128,100,1513,300,0.0780602
4,128,100,1513,300,0.0662739
4,128,100,1513,300,0.0839332
4,128,100,1513,300,0.0780069
4,128,100,1513,300,0.0790553
4,128,100,1513,300,0.0812834
4,128,100,1513,300,0.0649545
4,128,100,1513,300,0.0783147
8,128,100,1514,300,0.0421787
8,128,100,1514,300,0.0391875
8,128,100,1514,300,0.0414986
8,128,100,1514,300,0.0431671
8,128,100,1514,300,0.0436922
8,128,100,1514,300,0.0476034
8,128,100,1514,300,0.0452158
8,128,100,1514,300,0.0468151
8,128,100,1514,300,0.0399768
8,128,100,1514,300,0.043676
8,128,100,1514,300,0.0412058
8,128,100,1514,300,0.0433418
8,128,100,1514,300,0.046192
8,128,100,1514,300,0.0424931
8,128,100,1514,300,0.0427736
8,128,100,1514,300,0.0414849
8,128,100,1514,300,0.0437645
8,128,100,1514,300,0.045263
8,128,100,1514,300,0.0447574
8,128,100,1514,300,0.0420199
8,128,100,1514,300,0.0423874
8,128,100,1514,300,0.044777
8,128,100,1514,300,0.0421593
8,128,100,1514,300,0.0467647
8,128,100,1514,300,0.0463342
8,128,100,1514,300,0.0407987
8,128,100,1514,300,0.043449
8,128,100,1514,300,0.0419407
8,128,100,1514,300,0.0452181
8,128,100,1514,300,0.0426816
8,128,100,1514,300,0.0443474
8,128,100,1514,300,0.0414588
8,128,100,1514,300,0.0448101
8,128,100,1514,300,0.0429576
8,128,100,1514,300,0.0408713
8,128,100,1514,300,0.0424512
8,128,100,1514,300,0.0400573
8,128,100,1514,300,0.0490449
8,128,100,1514,300,0.0538336
8,128,100,1514,300,0.0447295
8,128,100,1514,300,0.0451486
8,128,100,1514,300,0.0421607
8,128,100,1514,300,0.0389729
8,128,100,1514,300,0.044959
8,128,100,1514,300,0.048068
8,128,100,1514,300,0.0424058
8,128,100,1514,300,0.043507
8,128,100,1514,300,0.041771
8,128,100,1514,300,0.0472519
8,128,100,1514,300,0.0451971
16,128,100,1513,300,0.859857
16,128,100,1513,300,0.032041
16,128,100,1513,300,0.0411793
16,128,100,1513,300,0.0314383
16,128,100,1513,300,0.04
16,128,100,1513,300,0.0309276
16,128,100,1513,300,0.889283
16,128,100,1513,300,0.0327159
16,128,100,1513,300,0.0313942
16,128,100,1513,300,0.0304964
16,128,100,1513,300,0.0301383
16,128,100,1513,300,0.0428186
16,128,100,1513,300,0.0326801
16,128,100,1513,300,0.0553801
16,128,100,1513,300,0.0524246
16,128,100,1513,300,0.251648
16,128,100,1513,300,0.0303035
16,128,100,1513,300,0.0308625
16,128,100,1513,300,0.0378726
16,128,100,1513,300,0.0297829
16,128,100,1513,300,0.0398927
16,128,100,1513,300,0.0394748
16,128,100,1513,300,0.0319417
16,128,100,1513,300,0.0349939
16,128,100,1513,300,0.0305645
16,128,100,1513,300,0.0310876
16,128,100,1513,300,0.0297929
16,128,100,1513,300,0.0381701
16,128,100,1513,300,0.033118
16,128,100,1513,300,0.0362319
16,128,100,1513,300,0.0815556
16,128,100,1513,300,0.038024
16,128,100,1513,300,0.0391634
16,128,100,1513,300,0.0323963
16,128,100,1513,300,0.033607
16,128,100,1513,300,0.0303217
16,128,100,1513,300,0.0396816
16,128,100,1513,300,0.0440105
16,128,100,1513,300,0.0298631
16,128,100,1513,300,0.0361128
16,128,100,1513,300,0.0346273
16,128,100,1513,300,0.0375673
16,128,100,1513,300,0.0346069
16,128,100,1513,300,0.0313627
16,128,100,1513,300,0.604442
16,128,100,1513,300,0.0309323
16,128,100,1513,300,0.0987021
16,128,100,1513,300,0.0295911
16,128,100,1513,300,0.0294159
16,128,100,1513,300,0.0387216
1,256,100,2782,300,1.33873
1,256,100,2782,300,1.14987
1,256,100,2782,300,1.00723
1,256,100,2782,300,1.02204
1,256,100,2782,300,1.02457
1,256,100,2782,300,1.0161
1,256,100,2782,300,1.05265
1,256,100,2782,300,1.05987
1,256,100,2782,300,1.03297
1,256,100,2782,300,1.04816
1,256,100,2782,300,1.03693
1,256,100,2782,300,1.04183
1,256,100,2782,300,1.01105
1,256,100,2782,300,1.00083
1,256,100,2782,300,1.0385
1,256,100,2782,300,1.01424
1,256,100,2782,300,1.02844
1,256,100,2782,300,1.05856
1,256,100,2782,300,1.03718
1,256,100,2782,300,1.0191
1,256,100,2782,300,1.02927
1,256,100,2782,300,1.02761
1,256,100,2782,300,1.0185
1,256,100,2782,300,1.05547
1,256,100,2782,300,1.01567
1,256,100,2782,300,1.00949
1,256,100,2782,300,1.03646
1,256,100,2782,300,1.02282
1,256,100,2782,300,1.03073
1,256,100,2782,300,1.09078
1,256,100,2782,300,1.02005
1,256,100,2782,300,1.00126
1,256,100,2782,300,1.0006
1,256,100,2782,300,0.965271
1,256,100,2782,300,1.03799
1,256,100,2782,300,1.02368
1,256,100,2782,300,1.01817
1,256,100,2782,300,1.01056
1,256,100,2782,300,1.02331
1,256,100,2782,300,1.04118
1,256,100,2782,300,1.12659
1,256,100,2782,300,0.992033
1,256,100,2782,300,0.861135
1,256,100,2782,300,1.01146
1,256,100,2782,300,1.02401
1,256,100,2782,300,1.07239
1,256,100,2782,300,1.03309
1,256,100,2782,300,1.02778
1,256,100,2782,300,0.999893
1,256,100,2782,300,1.14288
2,256,100,2783,300,0.739626
2,256,100,2783,300,0.743251
2,256,100,2783,300,0.739584
2,256,100,2783,300,0.736166
2,256,100,2783,300,0.589632
2,256,100,2783,300,0.592787
2,256,100,2783,300,0.806589
2,256,100,2783,300,0.749514
2,256,100,2783,300,0.461974
2,256,100,2783,300,0.681514
2,256,100,2783,300,0.771252
2,256,100,2783,300,0.677804
2,256,100,2783,300,0.65996
2,256,100,2783,300,0.694757
2,256,100,2783,300,0.727343
2,256,100,2783,300,0.593208
2,256,100,2783,300,0.586383
2,256,100,2783,300,0.592668
2,256,100,2783,300,0.745574
2,256,100,2783,300,0.600386
2,256,100,2783,300,0.599348
2,256,100,2783,300,0.601173
2,256,100,2783,300,0.600118
2,256,100,2783,300,0.602201
2,256,100,2783,300,0.600375
2,256,100,2783,300,0.599833
2,256,100,2783,300,0.601175
2,256,100,2783,300,0.599553
2,256,100,2783,300,0.601331
2,256,100,2783,300,0.599563
2,256,100,2783,300,0.598301
2,256,100,2783,300,0.599927
2,256,100,2783,300,0.600676
2,256,100,2783,300,0.617189
2,256,100,2783,300,0.600696
2,256,100,2783,300,0.740077
2,256,100,2783,300,0.736748
2,256,100,2783,300,0.739945
2,256,100,2783,300,0.740385
2,256,100,2783,300,0.737281
2,256,100,2783,300,0.728665
2,256,100,2783,300,0.594238
2,256,100,2783,300,0.585682
2,256,100,2783,300,0.596548
2,256,100,2783,300,0.731042
2,256,100,2783,300,0.593479
2,256,100,2783,300,0.596973
2,256,100,2783,300,0.600989
2,256,100,2783,300,0.603248
2,256,100,2783,300,0.617267
4,256,100,2785,300,0.430903
4,256,100,2785,300,0.432295
4,256,100,2785,300,0.446944
4,256,100,2785,300,0.334738
4,256,100,2785,300,0.419952
4,256,100,2785,300,0.389534
4,256,100,2785,300,0.433213
4,256,100,2785,300,0.435447
4,256,100,2785,300,0.433939
4,256,100,2785,300,0.426832
4,256,100,2785,300,0.339195
4,256,100,2785,300,0.426089
4,256,100,2785,300,0.437496
4,256,100,2785,300,0.42938
4,256,100,2785,300,0.430473
4,256,100,2785,300,0.433703
4,256,100,2785,300,0.333794
4,256,100,2785,300,0.404622
4,256,100,2785,300,0.451659
4,256,100,2785,300,0.428177
4,256,100,2785,300,0.433921
4,256,100,2785,300,0.405557
4,256,100,2785,300,0.433884
4,256,100,2785,300,0.43249
4,256,100,2785,300,0.435722
4,256,100,2785,300,0.441688
4,256,100,2785,300,0.429626
4,256,100,2785,300,0.437827
4,256,100,2785,300,0.43659
4,256,100,2785,300,0.443365
4,256,100,2785,300,0.443231
4,256,100,2785,300,0.425873
4,256,100,2785,300,0.44927
4,256,100,2785,300,0.408987
4,256,100,2785,300,0.427845
4,256,100,2785,300,0.396023
4,256,100,2785,300,0.429839
4,256,100,2785,300,0.439853
4,256,100,2785,300,0.404732
4,256,100,2785,300,0.401482
4,256,100,2785,300,0.430068
4,256,100,2785,300,0.422473
4,256,100,2785,300,0.445458
4,256,100,2785,300,0.428795
4,256,100,2785,300,0.432132
4,256,100,2785,300,0.434066
4,256,100,2785,300,0.401787
4,256,100,2785,300,0.430739
4,256,100,2785,300,0.44901
4,256,100,2785,300,0.434028
8,256,100,2784,300,0.222376
8,256,100,2784,300,0.230465
8,256,100,2784,300,0.229303
8,256,100,2784,300,0.223321
8,256,100,2784,300,0.235201
8,256,100,2784,300,0.238435
8,256,100,2784,300,0.236917
8,256,100,2784,300,0.228251
8,256,100,2784,300,0.247236
8,256,100,2784,300,0.220758
8,256,100,2784,300,0.230791
8,256,100,2784,300,0.200429
8,256,100,2784,300,0.198908
8,256,100,2784,300,0.247536
8,256,100,2784,300,0.219045
8,256,100,2784,300,0.20087
8,256,100,2784,300,0.235667
8,256,100,2784,300,0.22419
8,256,100,2784,300,0.20204
8,256,100,2784,300,0.233922
8,256,100,2784,300,0.23021
8,256,100,2784,300,0.245393
8,256,100,2784,300,0.233361
8,256,100,2784,300,0.188942
8,256,100,2784,300,0.232499
8,256,100,2784,300,0.222178
8,256,100,2784,300,0.234673
8,256,100,2784,300,0.220378
8,256,100,2784,300,0.215901
8,256,100,2784,300,0.227966
8,256,100,2784,300,0.231356
8,256,100,2784,300,0.22852
8,256,100,2784,300,0.218405
8,256,100,2784,300,0.233357
8,256,100,2784,300,0.231694
8,256,100,2784,300,0.244082
8,256,100,2784,300,0.230161
8,256,100,2784,300,0.226378
8,256,100,2784,300,0.232814
8,256,100,2784,300,0.220378
8,256,100,2784,300,0.225288
8,256,100,2784,300,0.194799
8,256,100,2784,300,0.249376
8,256,100,2784,300,0.240095
8,256,100,2784,300,0.223371
8,256,100,2784,300,0.235963
8,256,100,2784,300,0.22068
8,256,100,2784,300,0.241795
8,256,100,2784,300,0.228947
8,256,100,2784,300,0.22437
16,256,100,2786,300,0.125284
16,256,100,2786,300,0.12074
16,256,100,2786,300,0.168845
16,256,100,2786,300,0.118143
16,256,100,2786,300,0.134066
16,256,100,2786,300,0.119071
16,256,100,2786,300,0.12936
16,256,100,2786,300,0.1335
16,256,100,2786,300,0.11053
16,256,100,2786,300,0.137827
16,256,100,2786,300,0.1266
16,256,100,2786,300,0.122083
16,256,100,2786,300,0.122551
16,256,100,2786,300,0.122768
16,256,100,2786,300,0.129418
16,256,100,2786,300,0.648719
16,256,100,2786,300,0.11895
16,256,100,2786,300,0.121777
16,256,100,2786,300,0.120149
16,256,100,2786,300,0.279806
16,256,100,2786,300,0.119165
16,256,100,2786,300,0.137076
16,256,100,2786,300,0.376802
16,256,100,2786,300,0.125707
16,256,100,2786,300,0.110134
16,256,100,2786,300,1.19636
16,256,100,2786,300,0.123186
16,256,100,2786,300,0.129845
16,256,100,2786,300,0.122402
16,256,100,2786,300,0.123944
16,256,100,2786,300,0.12189
16,256,100,2786,300,0.13243
16,256,100,2786,300,0.125624
16,256,100,2786,300,0.127676
16,256,100,2786,300,0.123761
16,256,100,2786,300,0.120919
16,256,100,2786,300,0.120502
16,256,100,2786,300,0.127399
16,256,100,2786,300,0.123845
16,256,100,2786,300,0.121979
16,256,100,2786,300,0.1251
16,256,100,2786,300,0.156054
16,256,100,2786,300,0.131908
16,256,100,2786,300,0.133538
16,256,100,2786,300,0.136735
16,256,100,2786,300,0.123069
16,256,100,2786,300,0.160637
16,256,100,2786,300,0.132435
16,256,100,2786,300,0.127307
16,256,100,2786,300,0.12436
1,512,100,5367,300,6.69374
1,512,100,5367,300,6.35486
1,512,100,5367,300,6.33089
1,512,100,5367,300,6.36254
1,512,100,5367,300,6.35342
1,512,100,5367,300,6.35194
1,512,100,5367,300,6.35987
1,512,100,5367,300,6.34535
1,512,100,5367,300,6.33413
1,512,100,5367,300,6.35798
1,512,100,5367,300,6.36473
1,512,100,5367,300,6.64231
1,512,100,5367,300,6.58072
1,512,100,5367,300,6.81702
1,512,100,5367,300,6.28714
1,512,100,5367,300,6.352
1,512,100,5367,300,6.28828
1,512,100,5367,300,6.32955
1,512,100,5367,300,6.3226
1,512,100,5367,300,6.36823
1,512,100,5367,300,6.36846
1,512,100,5367,300,6.29516
1,512,100,5367,300,6.33805
1,512,100,5367,300,6.3478
1,512,100,5367,300,6.34592
1,512,100,5367,300,6.28415
1,512,100,5367,300,6.80569
1,512,100,5367,300,6.43222
1,512,100,5367,300,6.33457
1,512,100,5367,300,6.41714
1,512,100,5367,300,6.317
1,512,100,5367,300,6.35321
1,512,100,5367,300,6.63485
1,512,100,5367,300,6.59475
1,512,100,5367,300,6.68176
1,512,100,5367,300,6.37105
1,512,100,5367,300,6.40106
1,512,100,5367,300,6.33969
1,512,100,5367,300,6.44306
1,512,100,5367,300,6.31759
1,512,100,5367,300,6.30754
1,512,100,5367,300,6.34656
1,512,100,5367,300,6.32762
1,512,100,5367,300,6.30163
1,512,100,5367,300,6.35235
1,512,100,5367,300,6.33176
1,512,100,5367,300,6.38501
1,512,100,5367,300,6.31174
1,512,100,5367,300,6.31045
1,512,100,5367,300,6.31504
2,512,100,5362,300,3.61758
2,512,100,5362,300,3.18856
2,512,100,5362,300,3.25049
2,512,100,5362,300,3.29452
2,512,100,5362,300,3.24385
2,512,100,5362,300,3.25117
2,512,100,5362,300,3.20172
2,512,100,5362,300,3.26798
2,512,100,5362,300,3.20747
2,512,100,5362,300,3.24687
2,512,100,5362,300,3.27635
2,512,100,5362,300,3.20606
2,512,100,5362,300,3.20439
2,512,100,5362,300,3.345
2,512,100,5362,300,3.24891
2,512,100,5362,300,3.91286
2,512,100,5362,300,3.24657
2,512,100,5362,300,3.25652
2,512,100,5362,300,3.28279
2,512,100,5362,300,3.24969
2,512,100,5362,300,3.71298
2,512,100,5362,300,3.27438
2,512,100,5362,300,3.74952
2,512,100,5362,300,3.47534
2,512,100,5362,300,3.53289
2,512,100,5362,300,3.22677
2,512,100,5362,300,3.2042
2,512,100,5362,300,3.23505
2,512,100,5362,300,3.23048
2,512,100,5362,300,3.21868
2,512,100,5362,300,3.27867
2,512,100,5362,300,3.20308
2,512,100,5362,300,3.23925
2,512,100,5362,300,3.25707
2,512,100,5362,300,3.33944
2,512,100,5362,300,3.27541
2,512,100,5362,300,3.20176
2,512,100,5362,300,3.2217
2,512,100,5362,300,3.24602
2,512,100,5362,300,3.19471
2,512,100,5362,300,3.18612
2,512,100,5362,300,3.85892
2,512,100,5362,300,3.21112
2,512,100,5362,300,3.23525
2,512,100,5362,300,3.18872
2,512,100,5362,300,3.23652
2,512,100,5362,300,3.2148
2,512,100,5362,300,3.22063
2,512,100,5362,300,3.20272
2,512,100,5362,300,3.25728
4,512,100,5359,300,2.62252
4,512,100,5359,300,2.52989
4,512,100,5359,300,2.61513
4,512,100,5359,300,2.40415
4,512,100,5359,300,2.60629
4,512,100,5359,300,2.61639
4,512,100,5359,300,2.66627
4,512,100,5359,300,2.37797
4,512,100,5359,300,2.58635
4,512,100,5359,300,2.51786
4,512,100,5359,300,2.55829
4,512,100,5359,300,2.33237
4,512,100,5359,300,2.28801
4,512,100,5359,300,2.49097
4,512,100,5359,300,2.70538
4,512,100,5359,300,2.59671
4,512,100,5359,300,2.54522
4,512,100,5359,300,2.60901
4,512,100,5359,300,2.50891
4,512,100,5359,300,3.03194
4,512,100,5359,300,2.62944
4,512,100,5359,300,2.40967
4,512,100,5359,300,2.60527
4,512,100,5359,300,2.71858
4,512,100,5359,300,2.28632
4,512,100,5359,300,2.70446
4,512,100,5359,300,2.53553
4,512,100,5359,300,2.72427
4,512,100,5359,300,2.59252
4,512,100,5359,300,2.46542
4,512,100,5359,300,2.56042
4,512,100,5359,300,2.51441
4,512,100,5359,300,2.61459
4,512,100,5359,300,2.46531
4,512,100,5359,300,2.86104
4,512,100,5359,300,2.27977
4,512,100,5359,300,2.75578
4,512,100,5359,300,2.72457
4,512,100,5359,300,2.6677
4,512,100,5359,300,2.58129
4,512,100,5359,300,2.36111
4,512,100,5359,300,2.62502
4,512,100,5359,300,2.43488
4,512,100,5359,300,2.71435
4,512,100,5359,300,2.69617
4,512,100,5359,300,2.47907
4,512,100,5359,300,2.56676
4,512,100,5359,300,2.92009
4,512,100,5359,300,2.53528
4,512,100,5359,300,2.27054
8,512,100,5362,300,1.45821
8,512,100,5362,300,1.52068
8,512,100,5362,300,1.5099
8,512,100,5362,300,1.41325
8,512,100,5362,300,1.46326
8,512,100,5362,300,1.43013
8,512,100,5362,300,1.45267
8,512,100,5362,300,1.45053
8,512,100,5362,300,1.41962
8,512,100,5362,300,1.45429
8,512,100,5362,300,1.41192
8,512,100,5362,300,1.44782
8,512,100,5362,300,1.42797
8,512,100,5362,300,1.45985
8,512,100,5362,300,1.44671
8,512,100,5362,300,1.44758
8,512,100,5362,300,1.44897
8,512,100,5362,300,1.41111
8,512,100,5362,300,1.43498
8,512,100,5362,300,1.47569
8,512,100,5362,300,1.31276
8,512,100,5362,300,1.593
8,512,100,5362,300,1.4311
8,512,100,5362,300,1.42763
8,512,100,5362,300,1.43147
8,512,100,5362,300,1.41237
8,512,100,5362,300,1.44368
8,512,100,5362,300,1.41816
8,512,100,5362,300,1.4468
8,512,100,5362,300,1.433
8,512,100,5362,300,1.42902
8,512,100,5362,300,1.48463
8,512,100,5362,300,1.42059
8,512,100,5362,300,1.50334
8,512,100,5362,300,1.42146
8,512,100,5362,300,1.43793
8,512,100,5362,300,1.43756
8,512,100,5362,300,1.4715
8,512,100,5362,300,1.4587
8,512,100,5362,300,1.39246
8,512,100,5362,300,1.43386
8,512,100,5362,300,1.39316
8,512,100,5362,300,1.46064
8,512,100,5362,300,1.2208
8,512,100,5362,300,1.439
8,512,100,5362,300,1.43806
8,512,100,5362,300,1.47459
8,512,100,5362,300,1.42553
8,512,100,5362,300,1.43057
8,512,100,5362,300,1.40849
16,512,100,5366,300,0.793477
16,512,100,5366,300,0.815977
16,512,100,5366,300,0.825389
16,512,100,5366,300,0.868118
16,512,100,5366,300,0.782711
16,512,100,5366,300,0.773621
16,512,100,5366,300,0.803872
16,512,100,5366,300,0.826626
16,512,100,5366,300,0.768399
16,512,100,5366,300,0.823799
16,512,100,5366,300,0.837725
16,512,100,5366,300,0.748094
16,512,100,5366,300,0.869682
16,512,100,5366,300,0.853306
16,512,100,5366,300,0.827341
16,512,100,5366,300,0.80636
16,512,100,5366,300,0.779595
16,512,100,5366,300,0.761874
16,512,100,5366,300,0.839344
16,512,100,5366,300,0.847866
16,512,100,5366,300,0.873242
16,512,100,5366,300,0.748095
16,512,100,5366,300,0.786916
16,512,100,5366,300,0.782035
16,512,100,5366,300,0.878984
16,512,100,5366,300,0.821592
16,512,100,5366,300,0.830274
16,512,100,5366,300,0.822534
16,512,100,5366,300,0.772294
16,512,100,5366,300,0.811489
16,512,100,5366,300,0.772162
16,512,100,5366,300,0.820736
16,512,100,5366,300,0.805045
16,512,100,5366,300,0.716701
16,512,100,5366,300,0.896441
16,512,100,5366,300,0.741987
16,512,100,5366,300,0.798575
16,512,100,5366,300,0.769839
16,512,100,5366,300,0.772162
16,512,100,5366,300,0.821533
16,512,100,5366,300,0.75206
16,512,100,5366,300,0.719744
16,512,100,5366,300,0.850648
16,512,100,5366,300,0.797952
16,512,100,5366,300,0.86565
16,512,100,5366,300,0.841387
16,512,100,5366,300,0.764386
16,512,100,5366,300,0.774726
16,512,100,5366,300,1.80699
16,512,100,5366,300,0.936786
1,1024,100,10543,305,76.4433
1,1024,100,10543,305,76.3929
1,1024,100,10543,305,75.6388
1,1024,100,10543,305,76.8084
1,1024,100,10543,305,75.6561
1,1024,100,10543,305,75.9742
1,1024,100,10543,305,73.0912
1,1024,100,10543,305,73.268
1,1024,100,10543,305,74.4062
1,1024,100,10543,305,75.135
1,1024,100,10543,305,77.1624
1,1024,100,10543,305,76.273
1,1024,100,10543,305,77.8275
1,1024,100,10543,305,74.37
1,1024,100,10543,305,76.5781
1,1024,100,10543,305,75.9353
1,1024,100,10543,305,77.3884
1,1024,100,10543,305,77.0811
1,1024,100,10543,305,75.6334
1,1024,100,10543,305,77.1361
1,1024,100,10543,305,74.5452
1,1024,100,10543,305,75.047
1,1024,100,10543,305,71.3798
1,1024,100,10543,305,76.289
1,1024,100,10543,305,75.4971
1,1024,100,10543,305,75.0386
1,1024,100,10543,305,74.7895
1,1024,100,10543,305,76.6249
1,1024,100,10543,305,76.7323
1,1024,100,10543,305,73.0369
1,1024,100,10543,305,75.8269
1,1024,100,10543,305,75.3637
1,1024,100,10543,305,74.2584
1,1024,100,10543,305,81.2704
1,1024,100,10543,305,75.0755
1,1024,100,10543,305,75.7106
1,1024,100,10543,305,73.304
1,1024,100,10543,305,73.1367
1,1024,100,10543,305,73.4089
1,1024,100,10543,305,75.3022
1,1024,100,10543,305,76.4067
1,1024,100,10543,305,75.9397
1,1024,100,10543,305,75.751
1,1024,100,10543,305,74.7378
1,1024,100,10543,305,77.3092
1,1024,100,10543,305,74.9318
1,1024,100,10543,305,76.5542
1,1024,100,10543,305,77.381
1,1024,100,10543,305,75.8292
1,1024,100,10543,305,76.8753
2,1024,100,10476,302,42.2436
2,1024,100,10476,302,41.4136
2,1024,100,10476,302,41.4746
2,1024,100,10476,302,41.3604
2,1024,100,10476,302,41.2674
2,1024,100,10476,302,41.6695
2,1024,100,10476,302,41.8576
2,1024,100,10476,302,41.4386
2,1024,100,10476,302,41.5374
2,1024,100,10476,302,41.4262
2,1024,100,10476,302,42.0421
2,1024,100,10476,302,41.6466
2,1024,100,10476,302,41.5097
2,1024,100,10476,302,41.3994
2,1024,100,10476,302,41.4476
2,1024,100,10476,302,41.7623
2,1024,100,10476,302,41.5457
2,1024,100,10476,302,41.5215
2,1024,100,10476,302,41.4744
2,1024,100,10476,302,41.4657
2,1024,100,10476,302,41.2291
2,1024,100,10476,302,41.3449
2,1024,100,10476,302,41.4961
2,1024,100,10476,302,41.4402
2,1024,100,10476,302,41.4092
2,1024,100,10476,302,41.3829
2,1024,100,10476,302,41.4601
2,1024,100,10476,302,41.3491
2,1024,100,10476,302,41.3546
2,1024,100,10476,302,41.3441
2,1024,100,10476,302,41.6917
2,1024,100,10476,302,41.2412
2,1024,100,10476,302,41.2491
2,1024,100,10476,302,41.361
2,1024,100,10476,302,41.5592
2,1024,100,10476,302,41.4623
2,1024,100,10476,302,41.2517
2,1024,100,10476,302,41.1946
2,1024,100,10476,302,42.1679
2,1024,100,10476,302,41.5691
2,1024,100,10476,302,42.106
2,1024,100,10476,302,41.5587
2,1024,100,10476,302,41.4499
2,1024,100,10476,302,41.746
2,1024,100,10476,302,42.2594
2,1024,100,10476,302,41.3831
2,1024,100,10476,302,41.3617
2,1024,100,10476,302,41.5033
2,1024,100,10476,302,41.4209
2,1024,100,10476,302,41.4135
4,1024,100,10529,305,18.0038
4,1024,100,10529,305,18.1584
4,1024,100,10529,305,17.7046
4,1024,100,10529,305,18.2906
4,1024,100,10529,305,18.4013
4,1024,100,10529,305,18.4465
4,1024,100,10529,305,18.4601
4,1024,100,10529,305,18.7571
4,1024,100,10529,305,18.5246
4,1024,100,10529,305,18.7518
4,1024,100,10529,305,18.5939
4,1024,100,10529,305,18.0371
4,1024,100,10529,305,18.3592
4,1024,100,10529,305,18.6617
4,1024,100,10529,305,18.6015
4,1024,100,10529,305,18.6318
4,1024,100,10529,305,18.5921
4,1024,100,10529,305,16.684
4,1024,100,10529,305,18.1795
4,1024,100,10529,305,18.8707
4,1024,100,10529,305,17.7321
4,1024,100,10529,305,18.742
4,1024,100,10529,305,18.5488
4,1024,100,10529,305,18.6704
4,1024,100,10529,305,18.7609
4,1024,100,10529,305,18.5184
4,1024,100,10529,305,18.37
4,1024,100,10529,305,18.6585
4,1024,100,10529,305,18.6899
4,1024,100,10529,305,18.9152
4,1024,100,10529,305,20.4454
4,1024,100,10529,305,18.2073
4,1024,100,10529,305,18.1893
4,1024,100,10529,305,18.9678
4,1024,100,10529,305,17.5899
4,1024,100,10529,305,16.1164
4,1024,100,10529,305,19.0234
4,1024,100,10529,305,17.3084
4,1024,100,10529,305,18.6406
4,1024,100,10529,305,17.8539
4,1024,100,10529,305,18.2129
4,1024,100,10529,305,21.172
4,1024,100,10529,305,17.6174
4,1024,100,10529,305,18.507
4,1024,100,10529,305,18.2932
4,1024,100,10529,305,17.905
4,1024,100,10529,305,18.7078
4,1024,100,10529,305,19.2394
4,1024,100,10529,305,17.8672
4,1024,100,10529,305,18.4728
8,1024,100,10497,303,7.96216
8,1024,100,10497,303,7.88524
8,1024,100,10497,303,8.07294
8,1024,100,10497,303,7.85729
8,1024,100,10497,303,8.01508
8,1024,100,10497,303,8.34159
8,1024,100,10497,303,10.0168
8,1024,100,10497,303,8.05026
8,1024,100,10497,303,8.8323
8,1024,100,10497,303,8.00377
8,1024,100,10497,303,7.94978
8,1024,100,10497,303,8.00705
8,1024,100,10497,303,8.19128
8,1024,100,10497,303,8.63271
8,1024,100,10497,303,7.51129
8,1024,100,10497,303,7.97318
8,1024,100,10497,303,9.37649
8,1024,100,10497,303,13.1068
8,1024,100,10497,303,7.83338
8,1024,100,10497,303,7.95807
8,1024,100,10497,303,7.92898
8,1024,100,10497,303,7.765
8,1024,100,10497,303,7.9717
8,1024,100,10497,303,8.40217
8,1024,100,10497,303,8.01801
8,1024,100,10497,303,7.88798
8,1024,100,10497,303,8.87143
8,1024,100,10497,303,7.88251
8,1024,100,10497,303,8.68945
8,1024,100,10497,303,8.06718
8,1024,100,10497,303,7.83191
8,1024,100,10497,303,8.18016
8,1024,100,10497,303,8.29612
8,1024,100,10497,303,8.20837
8,1024,100,10497,303,7.79475
8,1024,100,10497,303,8.37903
8,1024,100,10497,303,8.25312
8,1024,100,10497,303,8.10363
8,1024,100,10497,303,9.29485
8,1024,100,10497,303,7.95298
8,1024,100,10497,303,8.28839
8,1024,100,10497,303,8.32807
8,1024,100,10497,303,8.33561
8,1024,100,10497,303,8.24245
8,1024,100,10497,303,7.76271
8,1024,100,10497,303,8.27522
8,1024,100,10497,303,8.29616
8,1024,100,10497,303,8.36606
8,1024,100,10497,303,8.29759
8,1024,100,10497,303,7.99308
16,1024,100,10505,303,4.15564
16,1024,100,10505,303,4.17716
16,1024,100,10505,303,4.11867
16,1024,100,10505,303,4.4984
16,1024,100,10505,303,4.091
16,1024,100,10505,303,4.42928
16,1024,100,10505,303,4.33539
16,1024,100,10505,303,4.23567
16,1024,100,10505,303,4.26717
16,1024,100,10505,303,4.47668
16,1024,100,10505,303,4.3423
16,1024,100,10505,303,4.32162
16,1024,100,10505,303,4.35663
16,1024,100,10505,303,4.30445
16,1024,100,10505,303,4.70728
16,1024,100,10505,303,4.22071
16,1024,100,10505,303,4.64346
16,1024,100,10505,303,4.26601
16,1024,100,10505,303,4.29163
16,1024,100,10505,303,4.24855
16,1024,100,10505,303,4.19222
16,1024,100,10505,303,4.27472
16,1024,100,10505,303,4.08341
16,1024,100,10505,303,4.24252
16,1024,100,10505,303,4.41578
16,1024,100,10505,303,4.22392
16,1024,100,10505,303,4.08392
16,1024,100,10505,303,4.22819
16,1024,100,10505,303,4.21276
16,1024,100,10505,303,4.38136
16,1024,100,10505,303,4.30341
16,1024,100,10505,303,4.2877
16,1024,100,10505,303,4.17776
16,1024,100,10505,303,4.21972
16,1024,100,10505,303,4.16624
16,1024,100,10505,303,5.18636
16,1024,100,10505,303,4.20523
16,1024,100,10505,303,4.16258
16,1024,100,10505,303,4.2711
16,1024,100,10505,303,4.51323
16,1024,100,10505,303,4.29506
16,1024,100,10505,303,4.23279
16,1024,100,10505,303,4.25828
16,1024,100,10505,303,4.23939
16,1024,100,10505,303,4.29078
16,1024,100,10505,303,4.16332
16,1024,100,10505,303,4.06096
16,1024,100,10505,303,4.26851
16,1024,100,10505,303,4.22972
16,1024,100,10505,303,4.55301
