threads,nx,nt,iters_cg,iters_newton,timespent
0,64,100,1007,301,0.0312454
0,64,100,1007,301,0.0323999
0,64,100,1007,301,0.0317541
0,64,100,1007,301,0.0308254
0,64,100,1007,301,0.0314345
0,64,100,1007,301,0.0319234
0,64,100,1007,301,0.0313981
0,64,100,1007,301,0.0292892
0,64,100,1007,301,0.0415108
0,64,100,1007,301,0.0325207
0,64,100,1007,301,0.0313775
0,64,100,1007,301,0.0399992
0,64,100,1007,301,0.03923
0,64,100,1007,301,0.0311106
0,64,100,1007,301,0.0324349
0,64,100,1007,301,0.0401029
0,64,100,1007,301,0.0404245
0,64,100,1007,301,0.0410445
0,64,100,1007,301,0.0396802
0,64,100,1007,301,0.0313161
0,64,100,1007,301,0.0304516
0,64,100,1007,301,0.030668
0,64,100,1007,301,0.0326273
0,64,100,1007,301,0.0408067
0,64,100,1007,301,0.0324423
0,64,100,1007,301,0.0386888
0,64,100,1007,301,0.0395539
0,64,100,1007,301,0.0311119
0,64,100,1007,301,0.0316877
0,64,100,1007,301,0.031571
0,64,100,1007,301,0.0309741
0,64,100,1007,301,0.0320802
0,64,100,1007,301,0.0310431
0,64,100,1007,301,0.0409094
0,64,100,1007,301,0.0403228
0,64,100,1007,301,0.040836
0,64,100,1007,301,0.0313084
0,64,100,1007,301,0.0317548
0,64,100,1007,301,0.029903
0,64,100,1007,301,0.0298955
0,64,100,1007,301,0.0416656
0,64,100,1007,301,0.0331764
0,64,100,1007,301,0.0317307
0,64,100,1007,301,0.0313151
0,64,100,1007,301,0.0314086
0,64,100,1007,301,0.0408808
0,64,100,1007,301,0.0319991
0,64,100,1007,301,0.0307853
0,64,100,1007,301,0.0397
0,64,100,1007,301,0.031989
0,128,100,1513,300,0.220161
0,128,100,1513,300,0.219923
0,128,100,1513,300,0.221376
0,128,100,1513,300,0.220958
0,128,100,1513,300,0.166567
0,128,100,1513,300,0.178504
0,128,100,1513,300,0.219048
0,128,100,1513,300,0.166597
0,128,100,1513,300,0.218764
0,128,100,1513,300,0.165891
0,128,100,1513,300,0.167012
0,128,100,1513,300,0.165606
0,128,100,1513,300,0.164983
0,128,100,1513,300,0.17158
0,128,100,1513,300,0.219818
0,128,100,1513,300,0.224282
0,128,100,1513,300,0.221021
0,128,100,1513,300,0.167588
0,128,100,1513,300,0.219514
0,128,100,1513,300,0.220314
0,128,100,1513,300,0.218414
0,128,100,1513,300,0.168945
0,128,100,1513,300,0.221412
0,128,100,1513,300,0.220055
0,128,100,1513,300,0.165851
0,128,100,1513,300,0.222604
0,128,100,1513,300,0.219166
0,128,100,1513,300,0.220616
0,128,100,1513,300,0.219064
0,128,100,1513,300,0.220518
0,128,100,1513,300,0.219357
0,128,100,1513,300,0.219825
0,128,100,1513,300,0.218981
0,128,100,1513,300,0.219117
0,128,100,1513,300,0.223099
0,128,100,1513,300,0.223409
0,128,100,1513,300,0.221487
0,128,100,1513,300,0.223275
0,128,100,1513,300,0.220552
0,128,100,1513,300,0.219072
0,128,100,1513,300,0.223871
0,128,100,1513,300,0.219915
0,128,100,1513,300,0.219878
0,128,100,1513,300,0.21917
0,128,100,1513,300,0.220286
0,128,100,1513,300,0.219103
0,128,100,1513,300,0.220528
0,128,100,1513,300,0.21942
0,128,100,1513,300,0.165803
0,128,100,1513,300,0.219335
0,256,100,2782,300,1.14606
0,256,100,2782,300,1.14237
0,256,100,2782,300,1.14318
0,256,100,2782,300,1.5234
0,256,100,2782,300,1.14182
0,256,100,2782,300,1.14473
0,256,100,2782,300,1.14484
0,256,100,2782,300,1.13661
0,256,100,2782,300,1.52735
0,256,100,2782,300,1.14253
0,256,100,2782,300,1.14099
0,256,100,2782,300,1.14118
0,256,100,2782,300,1.23538
0,256,100,2782,300,1.14205
0,256,100,2782,300,1.14567
0,256,100,2782,300,1.1452
0,256,100,2782,300,1.10917
0,256,100,2782,300,0.791476
0,256,100,2782,300,0.777037
0,256,100,2782,300,1.14956
0,256,100,2782,300,1.14078
0,256,100,2782,300,1.14488
0,256,100,2782,300,1.13693
0,256,100,2782,300,1.52152
0,256,100,2782,300,1.52249
0,256,100,2782,300,1.52282
0,256,100,2782,300,1.15036
0,256,100,2782,300,1.50183
0,256,100,2782,300,1.13945
0,256,100,2782,300,1.13975
0,256,100,2782,300,1.51829
0,256,100,2782,300,1.14377
0,256,100,2782,300,1.10557
0,256,100,2782,300,1.14709
0,256,100,2782,300,1.51977
0,256,100,2782,300,1.52463
0,256,100,2782,300,1.52294
0,256,100,2782,300,1.14819
0,256,100,2782,300,1.14359
0,256,100,2782,300,1.13882
0,256,100,2782,300,1.11636
0,256,100,2782,300,1.14589
0,256,100,2782,300,1.11824
0,256,100,2782,300,0.794792
0,256,100,2782,300,1.14158
0,256,100,2782,300,1.52039
0,256,100,2782,300,1.14049
0,256,100,2782,300,1.52103
0,256,100,2782,300,1.24324
0,256,100,2782,300,1.149
0,512,100,5367,300,6.82251
0,512,100,5367,300,7.4991
0,512,100,5367,300,6.5206
0,512,100,5367,300,6.52173
0,512,100,5367,300,5.76304
0,512,100,5367,300,5.8151
0,512,100,5367,300,6.96467
0,512,100,5367,300,7.78011
0,512,100,5367,300,6.53236
0,512,100,5367,300,6.50618
0,512,100,5367,300,6.52443
0,512,100,5367,300,7.22355
0,512,100,5367,300,6.80824
0,512,100,5367,300,6.54392
0,512,100,5367,300,6.8354
0,512,100,5367,300,5.83234
0,512,100,5367,300,6.55977
0,512,100,5367,300,6.73834
0,512,100,5367,300,6.80222
0,512,100,5367,300,6.47933
0,512,100,5367,300,6.80888
0,512,100,5367,300,6.47549
0,512,100,5367,300,6.78351
0,512,100,5367,300,6.4911
0,512,100,5367,300,6.49184
0,512,100,5367,300,6.77642
0,512,100,5367,300,6.51879
0,512,100,5367,300,6.50698
0,512,100,5367,300,6.79256
0,512,100,5367,300,6.8491
0,512,100,5367,300,6.77157
0,512,100,5367,300,5.75336
0,512,100,5367,300,6.45481
0,512,100,5367,300,6.43763
0,512,100,5367,300,6.45371
0,512,100,5367,300,6.45165
0,512,100,5367,300,6.49919
0,512,100,5367,300,6.83975
0,512,100,5367,300,6.8945
0,512,100,5367,300,6.50923
0,512,100,5367,300,6.51221
0,512,100,5367,300,6.83522
0,512,100,5367,300,6.48938
0,512,100,5367,300,6.48108
0,512,100,5367,300,6.79282
0,512,100,5367,300,6.4755
0,512,100,5367,300,6.79316
0,512,100,5367,300,5.77983
0,512,100,5367,300,6.79081
0,512,100,5367,300,5.79006
0,1024,100,10543,305,91.5116
0,1024,100,10543,305,87.8961
0,1024,100,10543,305,82.0248
0,1024,100,10543,305,88.2378
0,1024,100,10543,305,79.4238
0,1024,100,10543,305,76.1999
0,1024,100,10543,305,82.8353
0,1024,100,10543,305,80.0251
0,1024,100,10543,305,80.5149
0,1024,100,10543,305,82.4052
0,1024,100,10543,305,81.9418
0,1024,100,10543,305,81.5988
0,1024,100,10543,305,82.691
0,1024,100,10543,305,82.9905
0,1024,100,10543,305,80.4736
0,1024,100,10543,305,82.1517
0,1024,100,10543,305,78.3052
0,1024,100,10543,305,78.2493
0,1024,100,10543,305,77.7233
0,1024,100,10543,305,77.8626
0,1024,100,10543,305,79.1565
0,1024,100,10543,305,78.4976
0,1024,100,10543,305,78.9037
0,1024,100,10543,305,77.34
0,1024,100,10543,305,77.6623
0,1024,100,10543,305,87.0059
0,1024,100,10543,305,80.4939
0,1024,100,10543,305,84.3441
0,1024,100,10543,305,86.7215
0,1024,100,10543,305,95.2165
0,1024,100,10543,305,96.1012
0,1024,100,10543,305,93.6323
0,1024,100,10543,305,98.4664
0,2048,100,23531,383,826.485
0,2048,100,23531,383,905.413
0,2048,100,23531,383,760.949
0,2048,100,23531,383,912.574
0,2048,100,23531,383,842.153
0,2048,100,23531,383,820.359
0,2048,100,23531,383,808.329
0,2048,100,23531,383,858.336
0,2048,100,23531,383,807.986
0,2048,100,23531,383,744.298
0,2048,100,23531,383,728.541
0,2048,100,23531,383,732.262