threads,nx,nt,iters_cg,iters_newton,timespent
1,64,100,1007,301,0.0294915
1,64,100,1007,301,0.0342156
1,64,100,1007,301,0.0314077
1,64,100,1007,301,0.0309838
1,64,100,1007,301,0.0372871
1,64,100,1007,301,0.0293576
1,64,100,1007,301,0.0296355
1,64,100,1007,301,0.0290424
1,64,100,1007,301,0.0297395
1,64,100,1007,301,0.0287993
1,64,100,1007,301,0.0476036
1,64,100,1007,301,0.0299962
1,64,100,1007,301,0.0288328
1,64,100,1007,301,0.0288512
1,64,100,1007,301,0.0296668
1,64,100,1007,301,0.0292599
1,64,100,1007,301,0.0291838
1,64,100,1007,301,0.0290539
1,64,100,1007,301,0.0293459
1,64,100,1007,301,0.0295821
1,64,100,1007,301,0.0274353
1,64,100,1007,301,0.0289339
1,64,100,1007,301,0.0285656
1,64,100,1007,301,0.0291389
1,64,100,1007,301,0.0268194
1,64,100,1007,301,0.02935
1,64,100,1007,301,0.0288728
1,64,100,1007,301,0.0293975
1,64,100,1007,301,0.0293412
1,64,100,1007,301,0.0296119
1,64,100,1007,301,0.0288377
1,64,100,1007,301,0.0286007
1,64,100,1007,301,0.0287208
1,64,100,1007,301,0.0288267
1,64,100,1007,301,0.0291519
1,64,100,1007,301,0.0291419
1,64,100,1007,301,0.0291304
1,64,100,1007,301,0.0284905
1,64,100,1007,301,0.0290447
1,64,100,1007,301,0.0294101
1,64,100,1007,301,0.0302183
1,64,100,1007,301,0.0285507
1,64,100,1007,301,0.0290708
1,64,100,1007,301,0.0293285
1,64,100,1007,301,0.0295495
1,64,100,1007,301,0.0284677
1,64,100,1007,301,0.0284073
1,64,100,1007,301,0.027627
1,64,100,1007,301,0.0294621
1,64,100,1007,301,0.0277966
4,128,100,1513,300,0.071117
4,128,100,1513,300,0.0704758
4,128,100,1513,300,0.0702902
4,128,100,1513,300,0.0803977
4,128,100,1513,300,0.0571669
4,128,100,1513,300,0.0678423
4,128,100,1513,300,0.073611
4,128,100,1513,300,0.0725476
4,128,100,1513,300,0.0709259
4,128,100,1513,300,0.0721065
4,128,100,1513,300,0.0727661
4,128,100,1513,300,0.0713512
4,128,100,1513,300,0.0724117
4,128,100,1513,300,0.0693436
4,128,100,1513,300,0.072827
4,128,100,1513,300,0.0773426
4,128,100,1513,300,0.0754478
4,128,100,1513,300,0.07401
4,128,100,1513,300,0.0653034
4,128,100,1513,300,0.0824307
4,128,100,1513,300,0.0786683
4,128,100,1513,300,0.0727675
4,128,100,1513,300,0.0761348
4,128,100,1513,300,0.0703678
4,128,100,1513,300,0.0722409
4,128,100,1513,300,0.0769232
4,128,100,1513,300,0.0577989
4,128,100,1513,300,0.05674
4,128,100,1513,300,0.0576366
4,128,100,1513,300,0.0692683
4,128,100,1513,300,0.080285
4,128,100,1513,300,0.0686782
4,128,100,1513,300,0.0777705
4,128,100,1513,300,0.0687093
4,128,100,1513,300,0.0741867
4,128,100,1513,300,0.0818675
4,128,100,1513,300,0.0662859
4,128,100,1513,300,0.0745466
4,128,100,1513,300,0.0690998
4,128,100,1513,300,0.073741
4,128,100,1513,300,0.0780075
4,128,100,1513,300,0.0746248
4,128,100,1513,300,0.0746152
4,128,100,1513,300,0.0753128
4,128,100,1513,300,0.0847917
4,128,100,1513,300,0.075353
4,128,100,1513,300,0.0840544
4,128,100,1513,300,0.0757675
4,128,100,1513,300,0.0651601
4,128,100,1513,300,0.0725421
16,256,100,2786,300,0.134945
16,256,100,2786,300,0.141768
16,256,100,2786,300,0.143629
16,256,100,2786,300,0.143019
16,256,100,2786,300,0.137519
16,256,100,2786,300,0.141984
16,256,100,2786,300,0.156426
16,256,100,2786,300,0.142894
16,256,100,2786,300,0.150487
16,256,100,2786,300,0.14455
16,256,100,2786,300,0.140003
16,256,100,2786,300,0.141196
16,256,100,2786,300,0.14826
16,256,100,2786,300,0.143508
16,256,100,2786,300,0.147375
16,256,100,2786,300,0.139648
16,256,100,2786,300,0.143643
16,256,100,2786,300,0.148427
16,256,100,2786,300,0.140887
16,256,100,2786,300,0.141074
16,256,100,2786,300,0.147365
16,256,100,2786,300,0.145685
16,256,100,2786,300,0.142168
16,256,100,2786,300,0.140827
16,256,100,2786,300,0.14406
16,256,100,2786,300,0.142237
16,256,100,2786,300,0.136576
16,256,100,2786,300,0.141821
16,256,100,2786,300,0.149663
16,256,100,2786,300,0.145991
16,256,100,2786,300,0.131779
16,256,100,2786,300,0.144029
16,256,100,2786,300,0.139857
16,256,100,2786,300,0.143946
16,256,100,2786,300,0.144388
16,256,100,2786,300,0.141628
16,256,100,2786,300,0.153522
16,256,100,2786,300,0.13352
16,256,100,2786,300,0.143782
16,256,100,2786,300,0.132119
16,256,100,2786,300,0.146896
16,256,100,2786,300,0.151878
16,256,100,2786,300,0.130675
16,256,100,2786,300,0.139687
16,256,100,2786,300,0.144944
16,256,100,2786,300,0.145404
16,256,100,2786,300,0.146963
16,256,100,2786,300,0.14461
16,256,100,2786,300,0.132275
16,256,100,2786,300,0.143181
64,512,100,5362,301,0.276289
64,512,100,5362,301,115.913
64,512,100,5362,301,0.329776
64,512,100,5362,301,126.004
64,512,100,5362,301,1.96093
64,512,100,5362,301,6.47347
64,512,100,5362,301,0.334168
64,512,100,5362,301,27.4899
64,512,100,5362,301,0.365221
64,512,100,5362,301,1.08752
64,512,100,5362,301,9.59878
64,512,100,5362,301,3.97752
64,512,100,5362,301,0.36199
64,512,100,5362,301,68.2256
64,512,100,5362,301,0.362766
64,512,100,5362,301,6.53684
64,512,100,5362,301,176.767
64,512,100,5362,301,0.273711
64,512,100,5362,301,0.275519
64,512,100,5362,301,0.349759
64,512,100,5362,301,81.6089
64,512,100,5362,301,0.345717
64,512,100,5362,301,36.5413
64,512,100,5362,301,3.39759
64,512,100,5362,301,0.329684
64,512,100,5362,301,121.114
64,512,100,5362,301,42.5664
64,512,100,5362,301,16.8546
64,512,100,5362,301,6.76813
64,512,100,5362,301,0.260445
64,512,100,5362,301,0.270711
64,512,100,5362,301,37.4915
64,512,100,5362,301,20.5398
64,512,100,5362,301,143.951
64,512,100,5362,301,203.771
64,512,100,5362,301,0.362653
64,512,100,5362,301,45.1598
64,512,100,5362,301,14.1672
64,512,100,5362,301,0.268698
64,512,100,5362,301,0.264993
64,512,100,5362,301,17.9154
64,512,100,5362,301,173.918
64,512,100,5362,301,0.691983
64,512,100,5362,301,122.232
64,512,100,5362,301,14.1397
64,512,100,5362,301,103.514
64,512,100,5362,301,0.967805
64,512,100,5362,301,18.5355
64,512,100,5362,301,0.874139
64,512,100,5362,301,1.03103
1,128,100,1513,300,0.171743
1,128,100,1513,300,0.227947
1,128,100,1513,300,0.22821
1,128,100,1513,300,0.229473
1,128,100,1513,300,0.228362
1,128,100,1513,300,0.229634
1,128,100,1513,300,0.227583
1,128,100,1513,300,0.228152
1,128,100,1513,300,0.227579
1,128,100,1513,300,0.230905
1,128,100,1513,300,0.228216
1,128,100,1513,300,0.227667
1,128,100,1513,300,0.171296
1,128,100,1513,300,0.229478
1,128,100,1513,300,0.229562
1,128,100,1513,300,0.227435
1,128,100,1513,300,0.228508
1,128,100,1513,300,0.226548
1,128,100,1513,300,0.230263
1,128,100,1513,300,0.228971
1,128,100,1513,300,0.229431
1,128,100,1513,300,0.230688
1,128,100,1513,300,0.228928
1,128,100,1513,300,0.229244
1,128,100,1513,300,0.17229
1,128,100,1513,300,0.171917
1,128,100,1513,300,0.172004
1,128,100,1513,300,0.171982
1,128,100,1513,300,0.173005
1,128,100,1513,300,0.23015
1,128,100,1513,300,0.229377
1,128,100,1513,300,0.229367
1,128,100,1513,300,0.22928
1,128,100,1513,300,0.22723
1,128,100,1513,300,0.226682
1,128,100,1513,300,0.228946
1,128,100,1513,300,0.227795
1,128,100,1513,300,0.22844
1,128,100,1513,300,0.23023
1,128,100,1513,300,0.230896
1,128,100,1513,300,0.229647
1,128,100,1513,300,0.23016
1,128,100,1513,300,0.229105
1,128,100,1513,300,0.229897
1,128,100,1513,300,0.228448
1,128,100,1513,300,0.229847
1,128,100,1513,300,0.228373
1,128,100,1513,300,0.231164
1,128,100,1513,300,0.229914
1,128,100,1513,300,0.229374
4,256,100,2785,300,0.426271
4,256,100,2785,300,0.429157
4,256,100,2785,300,0.450483
4,256,100,2785,300,0.443665
4,256,100,2785,300,0.449085
4,256,100,2785,300,0.441855
4,256,100,2785,300,0.438163
4,256,100,2785,300,0.346646
4,256,100,2785,300,0.427558
4,256,100,2785,300,0.433122
4,256,100,2785,300,0.421716
4,256,100,2785,300,0.338827
4,256,100,2785,300,0.427767
4,256,100,2785,300,0.428981
4,256,100,2785,300,0.441782
4,256,100,2785,300,0.428935
4,256,100,2785,300,0.429868
4,256,100,2785,300,0.431901
4,256,100,2785,300,0.425093
4,256,100,2785,300,0.427212
4,256,100,2785,300,0.336596
4,256,100,2785,300,0.418405
4,256,100,2785,300,0.34262
4,256,100,2785,300,0.419487
4,256,100,2785,300,0.428761
4,256,100,2785,300,0.440312
4,256,100,2785,300,0.440267
4,256,100,2785,300,0.431303
4,256,100,2785,300,0.42394
4,256,100,2785,300,0.424749
4,256,100,2785,300,0.426925
4,256,100,2785,300,0.426991
4,256,100,2785,300,0.442226
4,256,100,2785,300,0.423479
4,256,100,2785,300,0.42492
4,256,100,2785,300,0.43018
4,256,100,2785,300,0.438939
4,256,100,2785,300,0.42471
4,256,100,2785,300,0.427453
4,256,100,2785,300,0.426802
4,256,100,2785,300,0.439702
4,256,100,2785,300,0.434614
4,256,100,2785,300,0.418027
4,256,100,2785,300,0.433832
4,256,100,2785,300,0.42391
4,256,100,2785,300,0.414662
4,256,100,2785,300,0.343105
4,256,100,2785,300,0.429586
4,256,100,2785,300,0.437532
4,256,100,2785,300,0.427531
16,512,100,5366,300,0.89358
16,512,100,5366,300,0.84512
16,512,100,5366,300,0.840632
16,512,100,5366,300,0.850104
16,512,100,5366,300,0.888525
16,512,100,5366,300,0.891198
16,512,100,5366,300,0.898065
16,512,100,5366,300,0.882244
16,512,100,5366,300,0.895439
16,512,100,5366,300,0.881289
16,512,100,5366,300,0.875432
16,512,100,5366,300,0.89032
16,512,100,5366,300,0.913178
16,512,100,5366,300,0.896118
16,512,100,5366,300,0.875036
16,512,100,5366,300,0.868979
16,512,100,5366,300,0.911482
16,512,100,5366,300,0.882646
16,512,100,5366,300,0.878728
16,512,100,5366,300,0.874291
16,512,100,5366,300,0.876691
16,512,100,5366,300,0.847951
16,512,100,5366,300,0.907292
16,512,100,5366,300,0.872507
16,512,100,5366,300,0.891912
16,512,100,5366,300,0.903638
16,512,100,5366,300,0.869225
16,512,100,5366,300,0.897584
16,512,100,5366,300,0.885564
16,512,100,5366,300,0.887892
16,512,100,5366,300,0.900672
16,512,100,5366,300,0.887882
16,512,100,5366,300,0.895306
16,512,100,5366,300,0.894185
16,512,100,5366,300,0.874003
16,512,100,5366,300,0.893955
16,512,100,5366,300,0.887556
16,512,100,5366,300,0.882386
16,512,100,5366,300,0.865777
16,512,100,5366,300,0.908254
16,512,100,5366,300,0.899906
16,512,100,5366,300,0.899305
16,512,100,5366,300,0.88993
16,512,100,5366,300,0.892207
16,512,100,5366,300,0.903833
16,512,100,5366,300,0.907625
16,512,100,5366,300,0.897562
16,512,100,5366,300,0.88453
16,512,100,5366,300,0.885437
16,512,100,5366,300,0.897238
64,1024,100,10563,307,145.652
64,1024,100,10563,307,118.526
64,1024,100,10563,307,20.9444
64,1024,100,10563,307,4.65349
64,1024,100,10563,307,5.0015
64,1024,100,10563,307,24.3798
64,1024,100,10563,307,27.3245
64,1024,100,10563,307,97.651
64,1024,100,10563,307,1.46899
64,1024,100,10563,307,154.934
64,1024,100,10563,307,31.6407
64,1024,100,10563,307,30.8619
64,1024,100,10563,307,105.676
64,1024,100,10563,307,1.48182
64,1024,100,10563,307,27.0736
64,1024,100,10563,307,29.3082
64,1024,100,10563,307,18.4971
64,1024,100,10563,307,37.7376
64,1024,100,10563,307,9.96024
64,1024,100,10563,307,1.58974
64,1024,100,10563,307,1.70541
64,1024,100,10563,307,20.4716
64,1024,100,10563,307,1.62306
64,1024,100,10563,307,1.49661
64,1024,100,10563,307,18.2974
64,1024,100,10563,307,90.1818
64,1024,100,10563,307,22.2952
64,1024,100,10563,307,45.6747
64,1024,100,10563,307,28.0588
64,1024,100,10563,307,26.1589
64,1024,100,10563,307,10.9146
64,1024,100,10563,307,38.7695
64,1024,100,10563,307,31.917
64,1024,100,10563,307,85.9571
64,1024,100,10563,307,43.7532
64,1024,100,10563,307,1.49
64,1024,100,10563,307,2.87256
64,1024,100,10563,307,19.6275
64,1024,100,10563,307,68.9205
64,1024,100,10563,307,64.6693
64,1024,100,10563,307,1.47881
64,1024,100,10563,307,1.9214
64,1024,100,10563,307,77.0817
64,1024,100,10563,307,1.68952
64,1024,100,10563,307,1.47563
64,1024,100,10563,307,9.8624
64,1024,100,10563,307,126.203
64,1024,100,10563,307,1.46637
64,1024,100,10563,307,25.0827
64,1024,100,10563,307,58.5593
1,256,100,2782,300,1.15237
1,256,100,2782,300,1.21064
1,256,100,2782,300,0.967878
1,256,100,2782,300,1.00114
1,256,100,2782,300,1.02823
1,256,100,2782,300,1.04587
1,256,100,2782,300,1.04414
1,256,100,2782,300,1.00516
1,256,100,2782,300,1.01067
1,256,100,2782,300,0.997602
1,256,100,2782,300,0.982076
1,256,100,2782,300,1.06886
1,256,100,2782,300,1.04919
1,256,100,2782,300,1.0188
1,256,100,2782,300,1.0301
1,256,100,2782,300,1.13194
1,256,100,2782,300,1.05419
1,256,100,2782,300,1.07132
1,256,100,2782,300,1.04677
1,256,100,2782,300,1.00986
1,256,100,2782,300,1.02101
1,256,100,2782,300,1.03763
1,256,100,2782,300,1.03031
1,256,100,2782,300,1.02453
1,256,100,2782,300,1.02461
1,256,100,2782,300,0.994037
1,256,100,2782,300,1.0457
1,256,100,2782,300,1.0217
1,256,100,2782,300,1.01101
1,256,100,2782,300,1.02353
1,256,100,2782,300,0.992704
1,256,100,2782,300,1.05139
1,256,100,2782,300,1.01927
1,256,100,2782,300,0.996751
1,256,100,2782,300,1.01165
1,256,100,2782,300,1.02483
1,256,100,2782,300,1.01841
1,256,100,2782,300,1.01652
1,256,100,2782,300,1.08047
1,256,100,2782,300,1.0375
1,256,100,2782,300,1.03271
1,256,100,2782,300,1.06905
1,256,100,2782,300,1.03153
1,256,100,2782,300,0.991928
1,256,100,2782,300,1.02918
1,256,100,2782,300,1.01697
1,256,100,2782,300,1.02679
1,256,100,2782,300,1.04436
1,256,100,2782,300,1.05952
1,256,100,2782,300,1.01002
4,512,100,5359,300,2.98332
4,512,100,5359,300,2.44667
4,512,100,5359,300,2.80716
4,512,100,5359,300,2.27367
4,512,100,5359,300,2.67128
4,512,100,5359,300,2.37785
4,512,100,5359,300,2.97201
4,512,100,5359,300,2.89093
4,512,100,5359,300,2.17589
4,512,100,5359,300,2.3887
4,512,100,5359,300,2.70438
4,512,100,5359,300,2.3932
4,512,100,5359,300,2.43269
4,512,100,5359,300,2.92087
4,512,100,5359,300,2.71514
4,512,100,5359,300,2.72547
4,512,100,5359,300,2.86884
4,512,100,5359,300,2.494
4,512,100,5359,300,2.4423
4,512,100,5359,300,2.86684
4,512,100,5359,300,2.64056
4,512,100,5359,300,2.39528
4,512,100,5359,300,2.98561
4,512,100,5359,300,2.50792
4,512,100,5359,300,2.63354
4,512,100,5359,300,2.98263
4,512,100,5359,300,2.6442
4,512,100,5359,300,2.75112
4,512,100,5359,300,2.43125
4,512,100,5359,300,2.30436
4,512,100,5359,300,2.93027
4,512,100,5359,300,2.65501
4,512,100,5359,300,2.40763
4,512,100,5359,300,2.54599
4,512,100,5359,300,3.00528
4,512,100,5359,300,2.44655
4,512,100,5359,300,2.89694
4,512,100,5359,300,3.05163
4,512,100,5359,300,2.6791
4,512,100,5359,300,2.94541
4,512,100,5359,300,2.6795
4,512,100,5359,300,2.49402
4,512,100,5359,300,2.81377
4,512,100,5359,300,2.86854
4,512,100,5359,300,2.47217
4,512,100,5359,300,2.77636
4,512,100,5359,300,2.37041
4,512,100,5359,300,2.89156
4,512,100,5359,300,2.51929
4,512,100,5359,300,2.25454
16,1024,100,10505,303,4.63488
16,1024,100,10505,303,4.50713
16,1024,100,10505,303,4.33417
16,1024,100,10505,303,4.41274
16,1024,100,10505,303,4.31371
16,1024,100,10505,303,4.38739
16,1024,100,10505,303,4.28123
16,1024,100,10505,303,4.29927
16,1024,100,10505,303,4.53648
16,1024,100,10505,303,4.35385
16,1024,100,10505,303,4.54672
16,1024,100,10505,303,4.28478
16,1024,100,10505,303,4.69419
16,1024,100,10505,303,4.30407
16,1024,100,10505,303,4.43959
16,1024,100,10505,303,4.25831
16,1024,100,10505,303,4.82993
16,1024,100,10505,303,4.31217
16,1024,100,10505,303,4.27786
16,1024,100,10505,303,4.35765
16,1024,100,10505,303,4.38466
16,1024,100,10505,303,4.39433
16,1024,100,10505,303,4.95791
16,1024,100,10505,303,4.34394
16,1024,100,10505,303,4.35347
16,1024,100,10505,303,4.25792
16,1024,100,10505,303,4.78637
16,1024,100,10505,303,4.38262
16,1024,100,10505,303,4.93632
16,1024,100,10505,303,4.33627
16,1024,100,10505,303,4.28943
16,1024,100,10505,303,4.3568
16,1024,100,10505,303,4.76017
16,1024,100,10505,303,4.29759
16,1024,100,10505,303,4.28843
16,1024,100,10505,303,4.28611
16,1024,100,10505,303,4.8367
16,1024,100,10505,303,4.29767
16,1024,100,10505,303,4.36334
16,1024,100,10505,303,5.15344
16,1024,100,10505,303,4.44572
16,1024,100,10505,303,4.27095
16,1024,100,10505,303,4.79566
16,1024,100,10505,303,4.32398
16,1024,100,10505,303,4.3228
16,1024,100,10505,303,4.28696
16,1024,100,10505,303,4.95859
16,1024,100,10505,303,4.33624
16,1024,100,10505,303,4.3635
16,1024,100,10505,303,4.39908
64,2048,100,23718,388,198.344
64,2048,100,23718,388,232.977
64,2048,100,23718,388,98.3448
64,2048,100,23718,388,256.39
64,2048,100,23718,388,146.02
64,2048,100,23718,388,172.967
64,2048,100,23718,388,69.3384
64,2048,100,23718,388,340.165
64,2048,100,23718,388,531.126
64,2048,100,23718,388,58.3898
64,2048,100,23718,388,68.4648
64,2048,100,23718,388,121.374
64,2048,100,23718,388,59.2456
64,2048,100,23718,388,540.998
64,2048,100,23718,388,51.1159
64,2048,100,23718,388,284.202
64,2048,100,23718,388,309.632
64,2048,100,23718,388,111.39
64,2048,100,23718,388,19.6094
64,2048,100,23718,388,90.7537
64,2048,100,23718,388,158.842
64,2048,100,23718,388,115.281
64,2048,100,23718,388,212.21
64,2048,100,23718,388,439.63
64,2048,100,23718,388,22.1383
64,2048,100,23718,388,162.007
64,2048,100,23718,388,340.857
64,2048,100,23718,388,23.5686
64,2048,100,23718,388,216.833
64,2048,100,23718,388,185.349
