Threads,Time,0,1,2,3,4,5,6,7,8,9,10,11,12,13,14,15
0,1.50307,93,3285,85350,1260714,10871742,54586161,159818688,273378694,273376196,159818440,54574824,10876078,1261215,85046,3397,77
1,2.81964,93,3285,85350,1260714,10871742,54586161,159818688,273378694,273376196,159818440,54574824,10876078,1261215,85046,3397,77
2,1.94883,93,3285,85350,1260714,10871742,54586161,159818688,273378694,273376196,159818440,54574824,10876078,1261215,85046,3397,77
4,0.882659,93,3285,85350,1260714,10871742,54586161,159818688,273378694,273376196,159818440,54574824,10876078,1261215,85046,3397,77
8,0.543278,93,3285,85350,1260714,10871742,54586161,159818688,273378694,273376196,159818440,54574824,10876078,1261215,85046,3397,77
16,0.65781,93,3285,85350,1260714,10871742,54586161,159818688,273378694,273376196,159818440,54574824,10876078,1261215,85046,3397,77
32,0.279733,93,3285,85350,1260714,10871742,54586161,159818688,273378694,273376196,159818440,54574824,10876078,1261215,85046,3397,77
64,0.19542,93,3285,85350,1260714,10871742,54586161,159818688,273378694,273376196,159818440,54574824,10876078,1261215,85046,3397,77
128,0.21948,93,3285,85350,1260714,10871742,54586161,159818688,273378694,273376196,159818440,54574824,10876078,1261215,85046,3397,77
