nx,ny,ntasks,size,timespent,TasksDoneByWorker
4001,4001,50,2,6.504804945550859,[ 0 50]
4001,4001,50,2,6.4796030558645725,[ 0 50]
4001,4001,50,2,6.425051161088049,[ 0 50]
4001,4001,50,2,6.5497468104586005,[ 0 50]
4001,4001,50,2,6.559704769402742,[ 0 50]
4001,4001,50,2,6.552187789231539,[ 0 50]
4001,4001,50,2,6.607743913307786,[ 0 50]
4001,4001,50,2,6.531198455952108,[ 0 50]
4001,4001,50,2,6.496406675316393,[ 0 50]
4001,4001,50,2,6.5525232357904315,[ 0 50]
4001,4001,50,2,6.522227956913412,[ 0 50]
4001,4001,50,2,6.392061330378056,[ 0 50]
4001,4001,50,2,6.532591314986348,[ 0 50]
4001,4001,50,2,6.36194899585098,[ 0 50]
4001,4001,50,2,6.360308164730668,[ 0 50]
4001,4001,50,2,6.445665946230292,[ 0 50]
4001,4001,50,2,6.411922270432115,[ 0 50]
4001,4001,50,2,6.495541497133672,[ 0 50]
4001,4001,50,2,6.4812247743830085,[ 0 50]
4001,4001,50,2,6.426697556860745,[ 0 50]
4001,4001,50,2,6.562141499482095,[ 0 50]
4001,4001,50,2,6.518704490736127,[ 0 50]
4001,4001,50,2,6.607245954684913,[ 0 50]
4001,4001,50,2,6.549075365997851,[ 0 50]
4001,4001,50,2,6.563302864320576,[ 0 50]
4001,4001,50,2,6.546048549935222,[ 0 50]
4001,4001,50,2,6.5259536216035485,[ 0 50]
4001,4001,50,2,6.555145292542875,[ 0 50]
4001,4001,50,2,6.413751377724111,[ 0 50]
4001,4001,50,2,6.403200265020132,[ 0 50]
4001,4001,50,2,6.362994357943535,[ 0 50]
4001,4001,50,2,6.509508654475212,[ 0 50]
4001,4001,50,2,6.446158095262945,[ 0 50]
4001,4001,50,2,6.357574135996401,[ 0 50]
4001,4001,50,2,6.377372583374381,[ 0 50]
4001,4001,50,2,6.425250684842467,[ 0 50]
4001,4001,50,2,6.621665257960558,[ 0 50]
4001,4001,50,2,6.911011792719364,[ 0 50]
4001,4001,50,2,6.6255117217078805,[ 0 50]
4001,4001,50,2,6.496315436437726,[ 0 50]
4001,4001,50,2,6.478327419608831,[ 0 50]
4001,4001,50,2,6.489687685854733,[ 0 50]
4001,4001,50,2,6.388225961476564,[ 0 50]
4001,4001,50,2,6.245861650444567,[ 0 50]
4001,4001,50,2,6.313677086494863,[ 0 50]
4001,4001,50,2,6.2611007215455174,[ 0 50]
4001,4001,50,2,6.363007285632193,[ 0 50]
4001,4001,50,2,6.313402430154383,[ 0 50]
4001,4001,50,2,6.707786719314754,[ 0 50]
4001,4001,50,2,6.281670338474214,[ 0 50]
4001,4001,50,4,3.1480041723698378,[ 0 17 16 17]
4001,4001,50,4,3.2400133395567536,[ 0 15 17 18]
4001,4001,50,4,3.3950306428596377,[ 0 14 17 19]
4001,4001,50,4,3.31381518766284,[ 0 15 16 19]
4001,4001,50,4,3.405435297638178,[ 0 15 17 18]
4001,4001,50,4,3.3338829148560762,[ 0 16 16 18]
4001,4001,50,4,3.1730250120162964,[ 0 18 15 17]
4001,4001,50,4,3.6883100774139166,[ 0 18 15 17]
4001,4001,50,4,3.1617020266130567,[ 0 17 16 17]
4001,4001,50,4,3.353188673965633,[ 0 15 16 19]
4001,4001,50,4,3.1635902682319283,[ 0 16 15 19]
4001,4001,50,4,3.229194011539221,[ 0 17 16 17]
4001,4001,50,4,3.44459957908839,[ 0 16 17 17]
4001,4001,50,4,3.391299187205732,[ 0 16 15 19]
4001,4001,50,4,3.4133457792922854,[ 0 17 16 17]
4001,4001,50,4,3.1757861925289035,[ 0 16 16 18]
4001,4001,50,4,3.3737107906490564,[ 0 16 15 19]
4001,4001,50,4,3.2520763874053955,[ 0 17 15 18]
4001,4001,50,4,3.1829284746199846,[ 0 17 16 17]
4001,4001,50,4,3.1768947867676616,[ 0 18 15 17]
4001,4001,50,4,3.2146739466115832,[ 0 17 15 18]
4001,4001,50,4,3.214200470596552,[ 0 18 14 18]
4001,4001,50,4,3.2331428173929453,[ 0 18 14 18]
4001,4001,50,4,3.1526089860126376,[ 0 18 15 17]
4001,4001,50,4,3.272007872350514,[ 0 16 17 17]
4001,4001,50,4,3.1981052812188864,[ 0 16 16 18]
4001,4001,50,4,3.188960725441575,[ 0 18 15 17]
4001,4001,50,4,3.263822853565216,[ 0 18 14 18]
4001,4001,50,4,3.2279793862253428,[ 0 18 16 16]
4001,4001,50,4,3.2080166013911366,[ 0 16 16 18]
4001,4001,50,4,3.300359759479761,[ 0 18 16 16]
4001,4001,50,4,3.3236203901469707,[ 0 18 16 16]
4001,4001,50,4,3.165291130542755,[ 0 17 16 17]
4001,4001,50,4,3.1897032419219613,[ 0 18 14 18]
4001,4001,50,4,3.1613656990230083,[ 0 18 15 17]
4001,4001,50,4,3.0980785693973303,[ 0 16 16 18]
4001,4001,50,4,3.3002727683633566,[ 0 16 15 19]
4001,4001,50,4,3.1144074155017734,[ 0 17 15 18]
4001,4001,50,4,3.15672056004405,[ 0 16 17 17]
4001,4001,50,4,3.434483164921403,[ 0 16 16 18]
4001,4001,50,4,3.365412127226591,[ 0 17 16 17]
4001,4001,50,4,3.1717424942180514,[ 0 18 16 16]
4001,4001,50,4,3.2245315881446004,[ 0 18 16 16]
4001,4001,50,4,3.691093831323087,[ 0 16 18 16]
4001,4001,50,4,3.2262769928202033,[ 0 18 15 17]
4001,4001,50,4,3.2458134181797504,[ 0 17 15 18]
4001,4001,50,4,3.7141038896515965,[ 0 16 17 17]
4001,4001,50,4,3.5623381473124027,[ 0 16 16 18]
4001,4001,50,4,3.233419452793896,[ 0 17 16 17]
4001,4001,50,4,3.2638690657913685,[ 0 18 16 16]
4001,4001,50,8,2.386277496814728,[0 7 9 6 8 7 6 7]
4001,4001,50,8,2.2759203910827637,[0 9 5 7 7 9 6 7]
4001,4001,50,8,2.310516716912389,[0 7 7 7 7 9 8 5]
4001,4001,50,8,2.4852814488112926,[0 7 7 7 7 8 7 7]
4001,4001,50,8,2.2411627219989896,[0 7 8 7 7 7 7 7]
4001,4001,50,8,2.2580652702599764,[0 8 6 7 6 6 9 8]
4001,4001,50,8,2.3020348269492388,[0 6 5 6 7 9 9 8]
4001,4001,50,8,2.236618564464152,[0 8 7 6 7 7 8 7]
4001,4001,50,8,2.353794147260487,[0 9 8 7 8 6 7 5]
4001,4001,50,8,2.2691706884652376,[0 8 6 8 7 8 7 6]
4001,4001,50,8,2.63487580511719,[0 7 6 8 8 5 9 7]
4001,4001,50,8,2.236658686771989,[0 7 8 7 7 6 7 8]
4001,4001,50,8,2.2488761004060507,[0 8 6 8 7 8 6 7]
4001,4001,50,8,2.2025204682722688,[0 6 8 7 8 7 6 8]
4001,4001,50,8,2.341700862161815,[0 7 6 8 7 8 8 6]
4001,4001,50,8,2.372180700302124,[0 8 6 6 8 8 6 8]
4001,4001,50,8,2.590436310507357,[0 6 7 8 8 8 5 8]
4001,4001,50,8,2.2984764836728573,[0 7 6 6 9 7 9 6]
4001,4001,50,8,2.251038519665599,[0 6 7 8 7 7 7 8]
4001,4001,50,8,2.3054251354187727,[0 7 6 8 9 7 6 7]
4001,4001,50,8,2.2377266865223646,[0 6 6 7 8 7 7 9]
4001,4001,50,8,2.330003193579614,[0 7 5 7 7 8 7 9]
4001,4001,50,8,2.2308885818347335,[0 7 6 7 8 8 6 8]
4001,4001,50,8,2.162966974079609,[0 7 8 8 7 6 7 7]
4001,4001,50,8,2.120734302327037,[0 8 6 7 8 6 8 7]
4001,4001,50,8,2.292642935179174,[0 8 6 8 8 6 6 8]
4001,4001,50,8,2.3240346079692245,[0 7 8 6 7 8 6 8]
4001,4001,50,8,2.2802098831161857,[0 7 6 7 7 8 7 8]
4001,4001,50,8,2.176112335175276,[0 7 6 8 8 7 7 7]
4001,4001,50,8,2.134054711088538,[0 8 7 8 6 8 5 8]
4001,4001,50,8,2.292943237349391,[0 9 6 7 8 5 6 9]
4001,4001,50,8,2.2529910234734416,[0 6 8 5 7 8 8 8]
4001,4001,50,8,2.338386941701174,[0 7 7 7 9 7 7 6]
4001,4001,50,8,2.2115015080198646,[0 5 8 8 7 8 8 6]
4001,4001,50,8,2.30029072239995,[0 8 8 9 7 6 6 6]
4001,4001,50,8,2.2658392107114196,[0 8 8 8 6 6 8 6]
4001,4001,50,8,2.2483338080346584,[0 6 6 8 6 8 8 8]
4001,4001,50,8,2.2429023729637265,[0 8 6 6 8 6 8 8]
4001,4001,50,8,2.2072729729115963,[0 8 7 7 7 8 7 6]
4001,4001,50,8,2.333842823281884,[0 6 6 7 8 9 6 8]
4001,4001,50,8,2.596191612072289,[0 6 8 7 7 6 8 8]
4001,4001,50,8,2.148572633974254,[0 8 8 6 8 6 6 8]
4001,4001,50,8,2.28347881231457,[0 8 7 7 6 8 6 8]
4001,4001,50,8,2.1946186320856214,[0 6 6 8 8 8 7 7]
4001,4001,50,8,2.3762155948206782,[0 6 6 7 8 8 8 7]
4001,4001,50,8,2.24796908069402,[0 8 8 8 6 8 6 6]
4001,4001,50,8,2.4287561420351267,[0 5 6 7 8 8 8 8]
4001,4001,50,8,2.1716946652159095,[0 7 6 8 7 7 8 7]
4001,4001,50,8,2.107022427022457,[0 6 8 7 8 7 7 7]
4001,4001,50,8,2.249874724075198,[0 6 7 8 5 8 8 8]
4001,4001,50,16,1.7066320721060038,[0 3 4 3 4 3 3 4 4 3 4 3 4 2 3 3]
4001,4001,50,16,1.640832519158721,[0 3 4 3 4 3 4 3 4 3 2 4 4 3 4 2]
4001,4001,50,16,1.7077592639252543,[0 3 2 4 4 4 2 3 4 3 3 4 4 4 2 4]
4001,4001,50,16,1.660297748632729,[0 3 3 3 4 3 3 4 4 4 4 3 4 2 3 3]
4001,4001,50,16,1.674379694275558,[0 3 3 3 5 3 2 4 4 2 3 4 4 3 4 3]
4001,4001,50,16,1.6019180109724402,[0 3 3 4 3 4 3 3 3 4 4 4 3 4 3 2]
4001,4001,50,16,1.6288031479343772,[0 4 3 3 3 3 4 3 4 4 4 3 3 3 3 3]
4001,4001,50,16,1.6392555860802531,[0 3 3 4 4 3 4 3 4 2 3 4 4 2 4 3]
4001,4001,50,16,1.6226976942270994,[0 3 3 3 3 4 3 3 4 4 4 3 4 3 4 2]
4001,4001,50,16,1.5857470175251365,[0 3 4 3 3 4 3 3 4 3 4 3 3 3 4 3]
4001,4001,50,16,1.6448207963258028,[0 4 4 4 4 2 3 3 4 2 3 4 4 3 3 3]
4001,4001,50,16,1.665264924056828,[0 3 3 4 4 3 3 3 4 4 4 3 3 3 3 3]
4001,4001,50,16,1.721307554282248,[0 2 3 4 4 4 4 3 4 4 4 3 4 2 2 3]
4001,4001,50,16,1.624779025092721,[0 3 4 3 4 3 4 3 5 2 2 4 4 3 2 4]
4001,4001,50,16,1.622065075673163,[0 2 3 4 5 3 3 3 4 3 2 3 4 4 4 3]
4001,4001,50,16,1.7773867473006248,[0 3 3 4 3 4 4 4 3 3 4 4 3 2 3 3]
4001,4001,50,16,1.6179479146376252,[0 4 2 3 3 3 4 3 4 3 4 3 5 4 2 3]
4001,4001,50,16,1.6296284571290016,[0 2 4 4 4 3 3 3 5 4 3 3 4 4 2 2]
4001,4001,50,16,1.6327544040977955,[0 3 4 4 4 3 4 4 4 5 2 2 3 3 2 3]
4001,4001,50,16,1.62482491414994,[0 4 2 2 4 3 4 4 5 3 3 3 4 3 4 2]
4001,4001,50,16,1.6419115224853158,[0 3 3 3 3 3 4 3 5 3 4 3 4 3 3 3]
4001,4001,50,16,1.6100110672414303,[0 3 4 4 4 4 4 3 4 3 2 3 4 3 2 3]
4001,4001,50,16,1.7325159730389714,[0 3 3 4 4 3 2 4 4 4 3 3 5 2 3 3]
4001,4001,50,16,1.7010938003659248,[0 3 2 3 5 3 2 3 4 4 3 4 5 3 3 3]
4001,4001,50,16,1.6435547256842256,[0 4 4 3 4 4 3 3 4 3 3 3 3 3 3 3]
4001,4001,50,16,1.6744798077270389,[0 4 3 4 3 3 3 3 3 4 3 3 4 3 4 3]
4001,4001,50,16,1.601577140390873,[0 3 3 4 4 3 3 3 5 3 3 3 4 3 3 3]
4001,4001,50,16,1.6055115070194006,[0 3 4 3 4 3 2 3 4 2 4 4 5 3 2 4]
4001,4001,50,16,1.6035255063325167,[0 3 2 3 4 3 2 3 4 4 4 4 4 4 3 3]
4001,4001,50,16,1.5856663649901748,[0 3 4 3 4 3 4 3 4 3 3 3 5 2 3 3]
4001,4001,50,16,1.6206009536981583,[0 3 4 4 4 2 3 4 4 4 2 3 4 3 3 3]
4001,4001,50,16,1.6741399262100458,[0 4 3 3 3 3 3 4 3 3 4 4 4 3 3 3]
4001,4001,50,16,1.617922818288207,[0 3 4 3 5 3 3 4 4 2 2 3 4 3 4 3]
4001,4001,50,16,1.6354012489318848,[0 3 4 3 4 4 4 4 4 3 3 3 3 2 3 3]
4001,4001,50,16,1.5859097242355347,[0 4 3 3 4 3 3 3 5 3 2 4 4 4 3 2]
4001,4001,50,16,1.6581381484866142,[0 4 3 3 4 3 2 3 4 3 4 3 4 3 4 3]
4001,4001,50,16,1.674006501212716,[0 4 3 3 4 3 4 3 4 3 3 4 4 2 3 3]
4001,4001,50,16,1.5937792770564556,[0 3 3 3 3 3 4 3 5 3 4 4 3 3 4 2]
4001,4001,50,16,1.7249786080792546,[0 4 3 4 4 3 4 3 4 3 2 4 5 3 2 2]
4001,4001,50,16,1.6533284522593021,[0 2 2 3 4 4 3 2 5 3 4 4 5 3 2 4]
4001,4001,50,16,1.604831182397902,[0 3 3 3 5 3 3 3 4 3 4 3 4 3 3 3]
4001,4001,50,16,1.5842806035652757,[0 4 3 4 4 3 4 3 4 3 3 3 4 3 2 3]
4001,4001,50,16,1.6057002022862434,[0 3 3 3 4 3 4 2 4 3 4 3 5 4 2 3]
4001,4001,50,16,1.5797867802903056,[0 3 2 4 4 4 4 2 5 3 3 3 4 3 3 3]
4001,4001,50,16,1.6947886319831014,[0 3 3 3 4 4 4 3 4 2 4 3 4 2 3 4]
4001,4001,50,16,1.644842116162181,[0 4 2 3 5 2 4 4 4 3 2 3 4 3 4 3]
4001,4001,50,16,1.6273228777572513,[0 3 3 2 5 4 3 4 4 3 4 3 4 2 3 3]
4001,4001,50,16,1.6025985665619373,[0 3 4 3 4 4 2 3 4 3 4 3 4 3 3 3]
4001,4001,50,16,1.7312309620901942,[0 4 3 4 4 3 3 3 4 3 3 3 4 3 2 4]
4001,4001,50,16,1.6501624686643481,[0 3 4 3 4 4 4 2 4 3 3 3 3 3 4 3]
4001,4001,50,32,1.6040655113756657,[0 1 3 2 3 2 2 3 3 1 2 2 2 2 1 2 1 2 1 1 1 1 1 1 2 1 2 1 1 1 1 1]
4001,4001,50,32,1.5742159970104694,[0 1 2 3 3 1 2 2 2 2 1 2 3 2 1 3 1 2 2 1 1 1 1 2 1 1 1 1 2 1 1 1]
4001,4001,50,32,1.559787530452013,[0 1 2 2 2 2 2 2 2 2 2 2 2 1 1 2 2 2 1 2 2 2 2 1 1 1 2 1 1 1 1 1]
4001,4001,50,32,1.5705773793160915,[0 2 2 2 3 2 2 2 2 2 2 2 2 1 1 2 1 1 2 1 1 2 1 2 1 2 1 1 1 2 1 1]
4001,4001,50,32,1.5167777091264725,[0 2 2 2 2 1 1 2 3 2 2 2 2 1 2 2 2 1 2 1 2 2 1 1 1 2 2 1 1 1 1 1]
4001,4001,50,32,1.6121344733983278,[0 2 2 2 2 2 2 2 2 2 2 2 2 2 2 2 1 1 2 1 1 1 1 1 2 1 1 2 1 2 1 1]
4001,4001,50,32,1.5924061303958297,[0 2 2 2 2 2 2 2 2 2 2 2 2 1 1 2 1 2 1 1 1 1 1 1 2 1 2 2 2 1 2 1]
4001,4001,50,32,1.5330706909298897,[0 2 2 2 2 2 1 2 2 2 2 2 2 2 1 2 2 1 2 1 2 1 1 1 2 1 2 1 2 1 1 1]
4001,4001,50,32,1.607097522355616,[0 2 2 2 3 2 1 3 2 1 2 3 2 1 2 1 2 2 1 2 1 2 1 1 1 1 1 1 1 1 2 1]
4001,4001,50,32,1.5385698582977057,[0 2 2 2 2 2 2 2 2 2 2 2 3 1 1 2 1 1 2 1 1 1 2 2 2 1 1 1 2 1 1 1]
4001,4001,50,32,1.4997379695996642,[0 2 2 2 2 2 1 2 2 2 2 2 3 2 2 2 1 1 1 2 1 2 2 1 1 1 1 1 1 2 1 1]
4001,4001,50,32,1.5623425403609872,[0 2 2 2 2 1 2 2 2 2 2 2 3 2 1 2 1 2 1 2 2 2 1 1 1 1 1 1 1 2 1 1]
4001,4001,50,32,1.5326224975287914,[0 2 2 2 2 2 2 2 2 1 2 2 2 2 1 2 2 1 2 1 2 1 1 2 1 1 1 2 2 1 1 1]
4001,4001,50,32,1.5424497183412313,[0 2 2 2 2 2 1 2 2 1 2 2 2 2 2 2 1 2 1 2 2 2 1 1 2 1 1 1 2 1 1 1]
4001,4001,50,32,1.5409558173269033,[0 2 2 2 2 2 2 2 2 2 2 2 3 1 1 2 1 2 1 2 1 1 1 1 1 1 2 1 2 2 1 1]
4001,4001,50,32,1.553081238642335,[0 1 2 2 2 2 1 3 2 2 2 2 2 2 1 2 2 1 1 1 2 1 2 1 2 2 2 1 1 1 1 1]
4001,4001,50,32,1.568901151418686,[0 2 2 2 2 2 2 2 2 2 1 2 2 2 1 2 1 2 1 2 1 1 2 1 1 1 2 2 2 1 1 1]
4001,4001,50,32,1.6150874011218548,[0 2 2 2 2 2 1 2 2 2 2 2 2 2 2 2 1 2 1 1 2 2 1 1 1 1 1 2 1 2 1 1]
4001,4001,50,32,1.5607046522200108,[0 2 2 2 2 2 2 3 3 2 2 2 2 2 1 2 2 1 2 1 1 1 1 1 1 1 1 1 1 2 1 1]
4001,4001,50,32,1.5370612367987633,[0 2 2 2 2 2 2 2 3 2 2 2 2 2 1 2 2 1 2 1 1 1 1 1 1 1 2 1 1 2 1 1]
4001,4001,50,32,1.565086561255157,[0 2 2 2 3 2 2 2 2 1 2 2 2 1 2 2 1 2 1 1 2 1 2 1 1 2 2 1 1 1 1 1]
4001,4001,50,32,1.5431166728958488,[0 2 2 2 2 2 2 2 3 3 2 2 3 1 1 2 1 1 1 1 3 1 1 1 1 2 1 1 1 1 1 1]
4001,4001,50,32,1.6816534223034978,[0 2 2 2 2 2 2 2 2 2 2 2 3 2 1 2 1 1 1 1 1 2 1 2 1 1 1 2 2 1 1 1]
4001,4001,50,32,1.5104616275057197,[0 2 2 2 2 2 1 2 2 2 2 2 2 2 1 2 1 2 2 1 2 1 1 2 1 2 1 1 1 2 1 1]
4001,4001,50,32,1.5653073387220502,[0 2 2 2 2 2 2 2 2 2 2 2 3 1 1 2 1 1 2 1 2 2 1 1 1 1 2 1 1 2 1 1]
4001,4001,50,32,1.5553489504382014,[0 2 2 2 2 2 2 2 2 2 1 2 2 2 1 2 1 2 2 1 1 1 2 2 1 2 1 2 1 1 1 1]
4001,4001,50,32,1.6153290495276451,[0 2 2 2 2 2 2 2 2 3 2 2 2 1 2 2 1 1 2 2 2 2 1 1 1 1 1 1 1 1 1 1]
4001,4001,50,32,1.5472525088116527,[0 2 2 2 2 2 2 2 2 2 2 2 3 1 1 2 2 1 2 1 1 2 1 1 2 1 1 2 1 1 1 1]
4001,4001,50,32,1.5313038732856512,[0 2 2 2 2 2 2 2 2 2 2 2 2 2 2 2 1 1 1 2 1 2 2 2 1 1 1 1 1 1 1 1]
4001,4001,50,32,1.536261411383748,[0 2 2 2 2 2 1 2 2 2 2 2 2 2 1 2 1 1 2 2 1 1 2 1 2 1 1 2 1 2 1 1]
4001,4001,50,32,1.566702727228403,[0 2 2 2 2 2 2 2 2 2 2 2 3 1 2 2 2 1 1 1 1 1 1 2 1 2 1 1 2 1 1 1]
4001,4001,50,32,1.6292628534138203,[0 1 2 2 3 2 2 2 2 1 2 2 3 2 2 2 2 1 2 1 2 2 1 1 1 1 1 1 1 1 1 1]
4001,4001,50,32,1.667109995149076,[0 2 2 2 2 2 2 2 2 2 2 2 2 1 1 2 2 1 1 1 1 1 2 2 2 1 1 2 2 1 1 1]
4001,4001,50,32,1.5656095743179321,[0 2 2 2 2 2 2 2 3 2 2 2 2 1 1 2 2 1 1 1 2 1 2 1 1 1 2 1 1 2 1 1]
4001,4001,50,32,1.5737518211826682,[0 2 2 2 2 2 2 2 3 2 1 2 2 1 2 2 1 2 2 2 1 2 2 1 1 1 1 1 1 1 1 1]
4001,4001,50,32,1.5895351395010948,[0 1 2 2 2 2 2 2 2 2 2 2 2 1 1 2 1 2 2 1 2 2 1 2 1 2 1 2 1 1 1 1]
4001,4001,50,32,1.575566795654595,[0 2 2 2 2 2 2 2 2 2 2 2 2 2 2 2 1 2 1 1 2 1 1 1 1 1 2 1 2 1 1 1]
4001,4001,50,32,1.5320922480896115,[0 2 2 2 3 2 2 2 2 2 2 2 2 3 1 2 1 1 2 1 1 2 1 2 1 1 1 1 1 1 1 1]
4001,4001,50,32,1.6229120874777436,[0 2 2 2 3 2 2 2 2 2 2 2 2 1 2 2 1 1 2 2 1 1 1 1 2 1 1 1 1 2 1 1]
4001,4001,50,32,1.5806544525548816,[0 2 2 2 2 2 2 2 3 1 2 2 2 2 2 2 1 1 1 1 2 2 1 2 1 2 1 1 1 1 1 1]
4001,4001,50,32,1.6175473919138312,[0 2 2 2 2 2 2 2 2 2 2 2 2 2 2 2 2 2 1 2 1 1 1 1 1 1 1 1 1 2 1 1]
4001,4001,50,32,1.59393788035959,[0 2 2 2 2 2 2 2 3 2 2 2 2 1 1 2 1 1 1 2 1 2 1 1 1 1 2 2 2 1 1 1]
4001,4001,50,32,1.660471674054861,[0 1 2 2 2 2 2 2 2 2 2 2 2 2 2 2 2 1 2 2 2 1 1 2 1 1 1 1 1 1 1 1]
4001,4001,50,32,1.683118011802435,[0 1 2 2 2 1 2 2 2 2 2 2 2 2 1 2 2 1 2 2 2 2 2 1 2 1 1 1 1 1 1 1]
4001,4001,50,32,1.5948170647025108,[0 1 2 2 2 2 1 2 2 2 2 2 2 2 2 2 2 2 1 1 1 1 1 2 2 1 2 1 2 1 1 1]
4001,4001,50,32,1.5786010343581438,[0 2 2 2 2 2 2 2 2 2 2 2 2 2 2 2 1 2 1 1 1 2 1 2 1 1 1 1 2 1 1 1]
4001,4001,50,32,1.5488324277102947,[0 2 2 2 3 2 2 2 2 2 2 2 3 1 1 2 1 2 1 1 2 1 1 1 1 1 1 2 1 2 1 1]
4001,4001,50,32,1.584541855379939,[0 2 2 2 2 2 2 2 2 2 2 2 2 2 1 2 1 2 1 1 2 1 1 2 2 1 1 2 1 1 1 1]
4001,4001,50,32,1.6163502978160977,[0 2 2 2 2 2 2 2 3 1 2 2 2 2 2 2 2 1 1 1 1 1 2 1 2 1 1 2 1 1 1 1]
4001,4001,50,32,1.552641624584794,[0 2 2 2 2 2 2 2 2 2 2 2 3 1 1 2 2 1 2 1 1 2 1 1 2 1 1 1 1 2 1 1]
4001,4001,100,2,6.117993839085102,[  0 100]
4001,4001,100,2,6.39547092653811,[  0 100]
4001,4001,100,2,6.280633221380413,[  0 100]
4001,4001,100,2,6.261690197512507,[  0 100]
4001,4001,100,2,6.282258522696793,[  0 100]
4001,4001,100,2,6.314145660027862,[  0 100]
4001,4001,100,2,6.357220615260303,[  0 100]
4001,4001,100,2,6.193015973083675,[  0 100]
4001,4001,100,2,6.286341940052807,[  0 100]
4001,4001,100,2,6.24955506529659,[  0 100]
4001,4001,100,2,6.298117588274181,[  0 100]
4001,4001,100,2,6.3105707773938775,[  0 100]
4001,4001,100,2,6.27390259411186,[  0 100]
4001,4001,100,2,6.303206086158752,[  0 100]
4001,4001,100,2,6.272566773928702,[  0 100]
4001,4001,100,2,6.284436211921275,[  0 100]
4001,4001,100,2,6.2994108106940985,[  0 100]
4001,4001,100,2,6.318833875469863,[  0 100]
4001,4001,100,2,6.35405916813761,[  0 100]
4001,4001,100,2,6.297531601041555,[  0 100]
4001,4001,100,2,6.296498579904437,[  0 100]
4001,4001,100,2,6.275032753124833,[  0 100]
4001,4001,100,2,6.283694620244205,[  0 100]
4001,4001,100,2,6.296325409784913,[  0 100]
4001,4001,100,2,6.344332845881581,[  0 100]
4001,4001,100,2,6.298239139840007,[  0 100]
4001,4001,100,2,6.343391723930836,[  0 100]
4001,4001,100,2,6.328553876839578,[  0 100]
4001,4001,100,2,6.295444872230291,[  0 100]
4001,4001,100,2,6.258001704700291,[  0 100]
4001,4001,100,2,6.4302902445197105,[  0 100]
4001,4001,100,2,6.2003306010738015,[  0 100]
4001,4001,100,2,6.20703283790499,[  0 100]
4001,4001,100,2,6.275643648579717,[  0 100]
4001,4001,100,2,6.242077501490712,[  0 100]
4001,4001,100,2,6.287762760184705,[  0 100]
4001,4001,100,2,6.215799254365265,[  0 100]
4001,4001,100,2,6.1797469751909375,[  0 100]
4001,4001,100,2,6.326285857707262,[  0 100]
4001,4001,100,2,6.235519862733781,[  0 100]
4001,4001,100,2,6.248840572312474,[  0 100]
4001,4001,100,2,6.24856669921428,[  0 100]
4001,4001,100,2,6.200504768639803,[  0 100]
4001,4001,100,2,6.342831983231008,[  0 100]
4001,4001,100,2,6.250304679386318,[  0 100]
4001,4001,100,2,6.29220405779779,[  0 100]
4001,4001,100,2,6.272753966972232,[  0 100]
4001,4001,100,2,6.339817735366523,[  0 100]
4001,4001,100,2,6.329206946305931,[  0 100]
4001,4001,100,2,6.263479510322213,[  0 100]
4001,4001,100,4,3.2875336380675435,[ 0 28 34 38]
4001,4001,100,4,3.1979269990697503,[ 0 35 29 36]
4001,4001,100,4,3.3813090808689594,[ 0 29 32 39]
4001,4001,100,4,3.2837184593081474,[ 0 29 33 38]
4001,4001,100,4,3.153480933047831,[ 0 33 36 31]
4001,4001,100,4,3.2487523639574647,[ 0 28 35 37]
4001,4001,100,4,3.063627550378442,[ 0 33 33 34]
4001,4001,100,4,3.0858492022380233,[ 0 34 30 36]
4001,4001,100,4,3.38616562820971,[ 0 30 32 38]
4001,4001,100,4,3.089946437627077,[ 0 33 35 32]
4001,4001,100,4,3.114466991275549,[ 0 33 33 34]
4001,4001,100,4,3.092199321836233,[ 0 34 30 36]
4001,4001,100,4,3.0762366810813546,[ 0 34 31 35]
4001,4001,100,4,3.103681112639606,[ 0 32 32 36]
4001,4001,100,4,3.0803134767338634,[ 0 33 34 33]
4001,4001,100,4,3.266113843768835,[ 0 34 31 35]
4001,4001,100,4,3.1782654896378517,[ 0 32 33 35]
4001,4001,100,4,3.013617457821965,[ 0 33 33 34]
4001,4001,100,4,3.1265276158228517,[ 0 34 34 32]
4001,4001,100,4,3.4648381238803267,[ 0 34 32 34]
4001,4001,100,4,3.2382156774401665,[ 0 31 33 36]
4001,4001,100,4,3.7344387574121356,[ 0 30 35 35]
4001,4001,100,4,3.254623997025192,[ 0 34 30 36]
4001,4001,100,4,3.354548366740346,[ 0 35 30 35]
4001,4001,100,4,3.163995247334242,[ 0 31 32 37]
4001,4001,100,4,3.188166033476591,[ 0 35 28 37]
4001,4001,100,4,3.142812711186707,[ 0 31 31 38]
4001,4001,100,4,3.582357134670019,[ 0 34 31 35]
4001,4001,100,4,3.7656209375709295,[ 0 35 31 34]
4001,4001,100,4,3.517775577493012,[ 0 27 38 35]
4001,4001,100,4,3.1398005560040474,[ 0 35 30 35]
4001,4001,100,4,3.6230965619906783,[ 0 36 31 33]
4001,4001,100,4,3.296798299998045,[ 0 27 33 40]
4001,4001,100,4,3.382597784511745,[ 0 34 31 35]
4001,4001,100,4,3.4223879436030984,[ 0 34 30 36]
4001,4001,100,4,3.321295704692602,[ 0 33 33 34]
4001,4001,100,4,3.0985948173329234,[ 0 31 34 35]
4001,4001,100,4,3.720079424791038,[ 0 32 35 33]
4001,4001,100,4,3.7308934330940247,[ 0 31 35 34]
4001,4001,100,4,3.1114711202681065,[ 0 35 29 36]
4001,4001,100,4,3.1269041672348976,[ 0 35 30 35]
4001,4001,100,4,3.1211940739303827,[ 0 31 35 34]
4001,4001,100,4,3.6214559357613325,[ 0 28 38 34]
4001,4001,100,4,3.157551265321672,[ 0 35 32 33]
4001,4001,100,4,3.346541063860059,[ 0 33 34 33]
4001,4001,100,4,3.6040846034884453,[ 0 33 32 35]
4001,4001,100,4,3.716449256055057,[ 0 33 35 32]
4001,4001,100,4,3.414617385715246,[ 0 33 33 34]
4001,4001,100,4,3.1642653308808804,[ 0 35 30 35]
4001,4001,100,4,3.2252081194892526,[ 0 35 31 34]
4001,4001,100,8,2.1075406381860375,[ 0 12 13 16 15 16 15 13]
4001,4001,100,8,2.10838863812387,[ 0 14 15 13 15 15 12 16]
4001,4001,100,8,2.0954167591407895,[ 0 15 15 13 15 15 11 16]
4001,4001,100,8,2.1673047365620732,[ 0 16 13 13 16 13 12 17]
4001,4001,100,8,2.2045098561793566,[ 0 14 11 16 15 15 14 15]
4001,4001,100,8,2.222779476083815,[ 0 15 15 12 12 16 15 15]
4001,4001,100,8,2.239601963199675,[ 0 12 11 16 16 17 16 12]
4001,4001,100,8,2.4212502697482705,[ 0 12 12 14 17 16 17 12]
4001,4001,100,8,2.1469026934355497,[ 0 11 13 16 16 13 15 16]
4001,4001,100,8,2.1754830963909626,[ 0 15 12 14 17 16 11 15]
4001,4001,100,8,2.1984587404876947,[ 0 16 13 13 15 13 15 15]
4001,4001,100,8,2.2485880041494966,[ 0 16 17 15 14 16 10 12]
4001,4001,100,8,2.234849212691188,[ 0 13 12 13 14 15 16 17]
4001,4001,100,8,2.3247889755293727,[ 0 17 11 17 17 11 11 16]
4001,4001,100,8,2.117931205779314,[ 0 15 13 16 15 13 15 13]
4001,4001,100,8,2.187026304192841,[ 0 14 15 14 15 16 15 11]
4001,4001,100,8,2.251899855211377,[ 0 14 15 15 14 12 15 15]
4001,4001,100,8,2.3928873520344496,[ 0 15 15 12 15 16 12 15]
4001,4001,100,8,2.218764961697161,[ 0 12 12 16 16 15 15 14]
4001,4001,100,8,2.2571296067908406,[ 0 17 11 14 13 12 16 17]
4001,4001,100,8,2.173030669800937,[ 0 15 16 15 12 16 13 13]
4001,4001,100,8,2.2694326965138316,[ 0 17 13 12 17 13 17 11]
4001,4001,100,8,2.2323799757286906,[ 0 12 12 13 16 16 15 16]
4001,4001,100,8,2.114652863703668,[ 0 13 15 13 14 16 13 16]
4001,4001,100,8,2.3090592799708247,[ 0 11 16 17 12 11 16 17]
4001,4001,100,8,2.23802444152534,[ 0 14 17 13 15 14 13 14]
4001,4001,100,8,2.246409524232149,[ 0 15 13 15 16 13 15 13]
4001,4001,100,8,2.187655790708959,[ 0 14 16 16 12 17 12 13]
4001,4001,100,8,2.270889143459499,[ 0 17 11 17 13 18 11 13]
4001,4001,100,8,2.3616407411172986,[ 0 18 12 13 14 18 12 13]
4001,4001,100,8,2.087829126045108,[ 0 11 13 16 15 15 15 15]
4001,4001,100,8,2.109056872315705,[ 0 15 12 15 15 13 15 15]
4001,4001,100,8,2.3127146819606423,[ 0 14 12 13 14 17 12 18]
4001,4001,100,8,2.3065176513046026,[ 0 12 15 12 15 16 15 15]
4001,4001,100,8,2.558523638173938,[ 0 13 13 13 16 17 16 12]
4001,4001,100,8,2.2932666074484587,[ 0 17 11 13 14 12 17 16]
4001,4001,100,8,2.2294728979468346,[ 0 12 18 13 17 12 11 17]
4001,4001,100,8,2.2780358847230673,[ 0 16 18 11 13 18 12 12]
4001,4001,100,8,2.4004101818427444,[ 0 12 13 15 15 16 16 13]
4001,4001,100,8,2.064064930193126,[ 0 14 15 15 14 15 12 15]
4001,4001,100,8,2.044887077063322,[ 0 14 14 15 14 15 14 14]
4001,4001,100,8,2.343311605975032,[ 0 11 15 17 13 11 16 17]
4001,4001,100,8,2.155752969905734,[ 0 12 13 13 15 16 15 16]
4001,4001,100,8,2.129405962303281,[ 0 13 15 16 16 12 15 13]
4001,4001,100,8,2.1714873500168324,[ 0 13 15 12 16 16 13 15]
4001,4001,100,8,2.1982083283364773,[ 0 17 11 16 13 13 17 13]
4001,4001,100,8,2.092552412301302,[ 0 15 15 11 15 16 15 13]
4001,4001,100,8,2.1552686700597405,[ 0 12 16 15 17 12 15 13]
4001,4001,100,8,2.3550250846892595,[ 0 12 16 15 15 16 14 12]
4001,4001,100,8,2.31836524233222,[ 0 14 13 16 14 17 12 14]
4001,4001,100,16,1.7085838317871094,[0 6 7 8 7 6 6 7 9 6 6 7 7 5 7 6]
4001,4001,100,16,1.5332265878096223,[0 7 6 7 7 7 6 7 7 6 8 7 7 7 5 6]
4001,4001,100,16,1.6423622081056237,[ 0  6  8  7 10  5  4  7  9  8  4  5  9  6  5  7]
4001,4001,100,16,1.5813908753916621,[0 7 5 7 7 6 7 7 9 5 6 7 7 7 7 6]
4001,4001,100,16,1.5383346136659384,[0 5 6 7 9 6 7 7 7 7 6 7 7 5 7 7]
4001,4001,100,16,1.5462749768048525,[0 6 6 7 9 6 7 5 7 7 5 7 7 7 7 7]
4001,4001,100,16,1.601343834772706,[0 6 7 7 7 7 7 7 7 7 6 7 8 6 5 6]
4001,4001,100,16,1.537994441576302,[0 5 7 5 8 7 5 7 9 7 4 7 8 7 7 7]
4001,4001,100,16,1.6821957044303417,[0 5 6 7 7 5 6 6 9 7 7 7 7 7 7 7]
4001,4001,100,16,1.5286428863182664,[0 5 5 7 7 7 7 7 9 7 6 7 7 5 7 7]
4001,4001,100,16,1.6245612930506468,[ 0  5  5  8 11  8  4  8  8  6  4  8  9  5  5  6]
4001,4001,100,16,1.5445248829200864,[0 6 7 8 8 5 5 6 7 7 7 7 9 7 5 6]
4001,4001,100,16,1.5414202008396387,[0 7 7 7 7 7 7 7 7 5 6 7 6 7 6 7]
4001,4001,100,16,1.6475441930815578,[0 6 5 8 7 6 4 6 8 8 8 8 6 4 8 8]
4001,4001,100,16,1.5606669029220939,[0 6 5 7 9 7 7 7 8 7 4 6 8 7 6 6]
4001,4001,100,16,1.536850556731224,[ 0  5  4  7  8  7  7  7  8  7  5  7 10  6  7  5]
4001,4001,100,16,1.5640622712671757,[0 7 7 5 7 5 7 7 7 7 8 6 7 7 7 6]
4001,4001,100,16,1.6188868256285787,[0 7 7 7 9 7 5 7 7 5 6 6 7 6 7 7]
4001,4001,100,16,1.5556709617376328,[0 5 5 6 7 8 7 8 8 7 7 7 7 5 5 8]
4001,4001,100,16,1.5787644013762474,[0 5 7 5 9 7 5 7 7 6 7 7 8 7 6 7]
4001,4001,100,16,1.5853550247848034,[0 7 5 7 9 5 4 8 8 7 7 7 8 7 5 6]
4001,4001,100,16,1.604562995955348,[0 6 7 7 7 7 6 8 7 5 5 7 7 8 5 8]
4001,4001,100,16,1.5298683075234294,[0 7 5 6 8 7 7 7 7 6 5 7 7 7 7 7]
4001,4001,100,16,1.5723512144759297,[0 4 8 6 8 5 7 7 9 5 5 7 8 7 7 7]
4001,4001,100,16,1.5721654742956161,[0 6 5 7 9 7 5 6 8 7 6 7 8 7 5 7]
4001,4001,100,16,1.5414092810824513,[0 7 7 7 7 7 5 7 7 6 5 6 9 7 7 6]
4001,4001,100,16,1.5403602803125978,[0 7 7 7 8 5 6 7 7 6 7 6 7 7 6 7]
4001,4001,100,16,1.5823962008580565,[0 7 5 7 8 6 5 7 8 5 7 7 7 7 7 7]
4001,4001,100,16,1.5559817710891366,[0 7 7 7 7 6 5 7 7 7 6 7 7 7 6 7]
4001,4001,100,16,1.5599077427759767,[0 7 7 6 7 7 6 7 8 6 6 7 7 7 5 7]
4001,4001,100,16,1.5198143376037478,[0 7 7 7 7 7 6 7 7 6 6 6 7 7 6 7]
4001,4001,100,16,1.5753074679523706,[0 5 8 6 7 8 6 7 7 5 5 7 9 7 6 7]
4001,4001,100,16,1.6722295684739947,[0 7 5 8 7 7 5 6 7 6 7 8 7 5 7 8]
4001,4001,100,16,1.5590884136036038,[0 6 7 7 7 7 7 7 7 6 7 6 7 6 7 6]
4001,4001,100,16,1.5487937591969967,[0 7 8 7 7 5 5 7 7 5 5 7 9 7 7 7]
4001,4001,100,16,1.5898105157539248,[0 6 6 6 6 8 5 7 7 7 7 7 7 7 7 7]
4001,4001,100,16,1.5390878608450294,[0 7 4 9 8 4 7 7 8 5 7 6 9 6 6 7]
4001,4001,100,16,1.5425137802958488,[0 6 7 7 7 7 5 7 7 5 7 5 9 7 7 7]
4001,4001,100,16,1.5576501758769155,[0 7 7 7 9 5 6 7 8 5 5 6 8 6 7 7]
4001,4001,100,16,1.5847257068380713,[0 5 5 7 7 8 7 7 6 7 5 8 8 5 7 8]
4001,4001,100,16,1.5999935278669,[0 7 5 7 8 7 7 7 9 5 5 7 8 6 6 6]
4001,4001,100,16,1.571119992993772,[0 7 7 7 7 7 7 7 7 7 5 7 7 6 6 6]
4001,4001,100,16,1.562533400952816,[0 7 5 7 8 6 7 7 9 7 7 7 8 5 5 5]
4001,4001,100,16,1.5915007265284657,[0 6 7 5 7 7 7 7 9 5 7 7 7 7 6 6]
4001,4001,100,16,1.5342628005892038,[0 7 6 7 6 6 5 7 8 7 7 7 6 7 7 7]
4001,4001,100,16,1.5316721992567182,[0 6 7 8 7 8 5 8 6 7 6 5 7 7 6 7]
4001,4001,100,16,1.5976536544039845,[0 5 8 6 8 5 5 8 7 8 5 7 6 7 8 7]
4001,4001,100,16,1.575701310299337,[0 8 4 6 6 7 5 7 6 7 8 8 7 7 6 8]
4001,4001,100,16,1.584478666074574,[0 7 8 5 7 8 8 8 7 5 4 7 7 6 5 8]
4001,4001,100,16,1.534966267645359,[0 5 7 7 8 6 7 6 7 7 7 6 7 6 7 7]
4001,4001,100,32,1.4768366124480963,[0 3 3 4 4 3 4 4 4 3 3 4 4 4 3 4 3 2 3 3 3 3 3 3 3 3 4 3 3 2 3 2]
4001,4001,100,32,1.5198449036106467,[0 4 4 4 4 3 3 4 3 3 4 4 3 3 3 4 4 3 3 3 3 3 3 4 3 3 3 4 3 1 2 2]
4001,4001,100,32,1.5072598299011588,[0 3 2 5 3 2 2 3 4 2 4 4 4 3 3 3 3 3 3 3 4 4 4 4 3 3 2 2 4 4 3 4]
4001,4001,100,32,1.4860254302620888,[0 3 3 5 4 2 3 4 3 2 4 4 3 3 3 4 4 3 3 3 3 3 4 4 2 3 3 3 3 3 3 3]
4001,4001,100,32,1.5082827070727944,[0 4 3 5 3 3 2 5 4 3 3 4 3 3 2 4 3 3 4 4 3 3 4 3 3 3 2 3 3 3 3 2]
4001,4001,100,32,1.4606345426291227,[0 3 3 4 4 4 3 4 3 3 2 4 4 3 4 3 3 3 3 4 3 4 2 3 4 3 3 3 3 2 3 3]
4001,4001,100,32,1.538668111898005,[0 4 3 4 3 4 4 3 4 3 3 4 4 3 3 4 3 3 3 3 3 3 3 3 3 3 3 2 3 3 3 3]
4001,4001,100,32,1.5224063219502568,[0 3 4 4 3 3 4 4 3 3 3 4 3 3 3 4 3 3 3 4 3 3 2 4 4 3 3 2 3 3 3 3]
4001,4001,100,32,1.4644862664863467,[0 4 4 3 4 3 3 4 3 3 4 4 3 3 3 4 4 3 3 3 3 3 3 2 3 3 3 3 3 3 3 3]
4001,4001,100,32,1.5341663900762796,[0 3 2 4 3 4 4 4 2 3 3 4 4 4 3 5 2 3 2 3 3 4 3 3 3 3 3 4 3 2 3 4]
4001,4001,100,32,1.5017077485099435,[0 3 3 5 5 2 3 4 4 3 3 3 4 3 4 3 4 3 3 2 3 2 3 3 2 3 3 4 3 4 3 3]
4001,4001,100,32,1.5298397820442915,[0 3 4 4 3 3 3 4 3 3 3 4 4 4 3 4 2 3 3 3 3 3 2 3 3 4 3 3 3 3 3 4]
4001,4001,100,32,1.472776111215353,[0 4 3 4 4 3 3 4 3 3 3 4 3 3 4 4 4 2 3 3 3 3 3 4 2 3 3 3 3 3 3 3]
4001,4001,100,32,1.5130005599930882,[0 1 4 4 4 2 3 4 4 3 3 4 4 3 3 4 3 4 3 2 4 3 3 3 3 3 4 3 3 3 3 3]
4001,4001,100,32,1.4750295300036669,[0 3 4 4 3 3 3 4 4 3 3 4 4 2 3 3 4 3 4 3 3 3 3 4 3 3 3 3 3 2 3 3]
4001,4001,100,32,1.510794428177178,[0 3 4 4 3 3 4 4 4 3 2 4 4 2 4 4 3 2 3 4 4 3 3 3 4 3 3 3 3 3 3 1]
4001,4001,100,32,1.468994547612965,[0 3 3 4 3 3 3 4 3 3 4 4 4 3 4 4 3 3 4 4 3 3 3 3 2 2 3 3 3 3 3 3]
4001,4001,100,32,1.4764680620282888,[0 2 3 4 3 4 3 3 4 3 2 5 4 3 3 4 3 3 3 3 3 3 3 4 3 3 3 4 2 3 4 3]
4001,4001,100,32,1.463231855072081,[0 3 4 4 3 3 3 4 4 3 3 4 4 3 3 4 4 3 3 3 3 3 3 3 3 3 3 3 2 3 3 3]
4001,4001,100,32,1.5010116985067725,[0 3 3 4 4 3 3 4 4 3 3 3 4 3 4 4 3 2 3 3 3 3 3 4 4 2 3 3 4 3 2 3]
4001,4001,100,32,1.4983819592744112,[0 3 4 4 5 3 3 3 4 2 2 4 4 2 5 3 3 4 4 3 2 3 4 3 2 2 4 3 4 2 3 3]
4001,4001,100,32,1.5660820826888084,[0 4 3 4 4 3 4 2 4 4 4 2 3 3 3 4 1 4 3 3 3 3 3 3 3 4 3 3 3 3 3 4]
4001,4001,100,32,1.5190632110461593,[0 3 4 4 4 2 4 3 4 5 4 4 3 1 4 4 2 2 2 4 1 3 3 4 3 3 4 3 3 3 4 3]
4001,4001,100,32,1.470372013747692,[0 3 4 3 3 3 3 3 4 3 3 4 3 3 3 4 4 4 4 3 3 4 2 3 3 3 3 3 3 3 3 3]
4001,4001,100,32,1.6037534130737185,[0 3 3 3 4 3 3 4 4 3 3 3 4 3 3 4 3 4 2 4 3 3 3 3 3 3 3 4 3 3 3 3]
4001,4001,100,32,1.657582201063633,[0 3 4 4 4 3 3 3 3 3 3 4 4 3 3 4 4 2 3 3 2 4 3 3 4 3 2 4 2 3 3 4]
4001,4001,100,32,1.4479523478075862,[0 4 3 4 4 4 4 3 4 3 2 4 4 3 3 4 3 3 3 3 3 3 2 3 3 3 3 3 3 3 3 3]
4001,4001,100,32,1.452725532464683,[0 2 3 4 4 3 3 4 4 3 3 4 4 3 3 4 3 3 3 3 2 3 2 4 3 3 3 4 4 3 3 3]
4001,4001,100,32,1.473083452321589,[0 3 3 4 4 3 4 4 3 2 3 3 4 3 4 3 4 3 3 3 4 3 3 3 4 2 3 3 3 3 3 3]
4001,4001,100,32,1.589793617837131,[0 4 4 3 5 4 4 4 4 2 3 4 4 3 3 3 3 4 2 3 2 3 3 4 2 3 3 3 2 3 3 3]
4001,4001,100,32,1.4656467605382204,[0 3 3 4 4 3 4 4 3 3 3 4 4 3 3 4 4 3 3 3 3 4 3 3 2 3 2 3 3 3 3 3]
4001,4001,100,32,1.6020905384793878,[0 3 4 4 4 4 3 4 4 3 3 4 4 3 3 4 3 3 3 3 3 3 3 4 2 3 2 3 2 3 3 3]
4001,4001,100,32,1.6053930716589093,[0 2 3 5 4 4 3 4 3 3 3 3 4 4 2 4 3 3 3 2 3 3 3 4 3 3 4 3 3 3 3 3]
4001,4001,100,32,1.4867440378293395,[0 4 4 3 3 3 3 4 3 3 2 5 2 3 3 5 3 3 3 5 3 4 3 3 4 3 3 2 3 2 3 3]
4001,4001,100,32,1.5246969424188137,[0 5 4 4 3 4 3 4 5 2 3 5 3 2 4 5 3 3 3 3 3 2 3 3 2 3 4 3 2 3 3 1]
4001,4001,100,32,1.5696642640978098,[0 2 3 4 3 3 3 4 4 3 3 3 3 4 3 4 3 3 3 4 3 3 4 3 3 3 3 2 3 3 4 4]
4001,4001,100,32,1.5071383779868484,[0 3 3 4 4 2 3 3 3 3 3 3 4 4 3 4 3 2 3 4 4 3 3 3 3 3 4 3 4 3 3 3]
4001,4001,100,32,1.591807716526091,[0 3 3 5 5 1 3 3 3 4 3 5 3 4 3 4 3 3 3 3 3 3 3 3 3 3 3 3 4 2 4 2]
4001,4001,100,32,1.604657874442637,[0 3 3 4 3 4 3 3 5 2 4 4 5 3 3 4 4 4 3 3 2 3 4 2 2 4 3 2 2 3 3 3]
4001,4001,100,32,1.6174569465219975,[0 3 3 4 3 2 4 4 4 3 3 4 4 3 3 3 4 3 3 3 3 4 3 3 3 3 3 3 3 3 3 3]
4001,4001,100,32,1.5223962105810642,[0 3 3 4 5 3 3 4 3 3 4 4 3 2 4 4 4 4 3 3 3 2 3 4 2 3 3 3 2 3 3 3]
4001,4001,100,32,1.5978888245299459,[0 3 2 3 4 4 3 4 4 4 3 4 4 3 3 4 3 3 3 3 3 4 3 3 3 2 3 3 3 3 3 3]
4001,4001,100,32,1.5967304669320583,[0 3 3 4 4 3 3 4 3 3 3 3 3 3 4 4 3 4 3 3 3 4 4 3 4 3 2 3 3 2 3 3]
4001,4001,100,32,1.5505134956911206,[0 4 3 4 3 3 4 4 4 3 3 4 4 3 3 3 3 2 3 3 4 3 3 3 2 4 3 3 3 3 3 3]
4001,4001,100,32,1.4838266745209694,[0 3 4 4 3 3 3 4 4 3 3 4 3 2 3 3 3 3 3 3 4 4 3 3 3 3 3 3 4 3 3 3]
4001,4001,100,32,1.545229647308588,[0 3 3 3 4 3 3 4 4 2 3 4 3 4 3 4 2 4 3 4 3 3 2 3 3 4 3 2 4 3 4 3]
4001,4001,100,32,1.4767629001289606,[0 4 3 4 4 4 3 4 4 3 3 3 3 3 3 3 3 3 3 4 2 3 4 3 3 2 4 3 3 3 3 3]
4001,4001,100,32,1.5057658329606056,[0 4 3 4 4 4 3 4 4 4 4 4 4 3 2 3 3 3 3 3 3 2 3 3 3 3 3 3 3 3 3 2]
4001,4001,100,32,1.4749965416267514,[0 3 2 4 4 3 4 3 4 3 3 3 5 2 4 5 3 3 3 2 4 3 3 3 3 3 4 3 3 2 2 4]
4001,4001,100,32,1.5520512228831649,[0 3 2 4 4 3 3 4 5 2 4 3 3 2 3 3 4 2 4 4 2 4 2 3 4 3 3 3 4 3 3 4]
